key,start_date,end_date,edinet_key,period,value,announce_date
net_sales,2010-06-01,2011-05-31,jpcrp_cor:NetSalesSummaryOfBusinessResults,Prior4YearDuration,148971000000,201508271530
net_sales,2011-06-01,2012-05-31,jpcrp_cor:NetSalesSummaryOfBusinessResults,Prior3YearDuration,169651000000,201508271530
net_sales,2012-06-01,2013-05-31,jpcrp_cor:NetSalesSummaryOfBusinessResults,Prior2YearDuration,152323000000,201508271530
net_sales,2013-06-01,2014-05-31,jpcrp_cor:NetSalesSummaryOfBusinessResults,Prior1YearDuration,169528000000,201508271530
net_sales,2014-06-01,2015-05-31,jpcrp_cor:NetSalesSummaryOfBusinessResults,CurrentYearDuration,149570000000,201508271530
ordinary_income,2010-06-01,2011-05-31,jpcrp_cor:OrdinaryIncomeLossSummaryOfBusinessResults,Prior4YearDuration,968000000,201508271530
ordinary_income,2011-06-01,2012-05-31,jpcrp_cor:OrdinaryIncomeLossSummaryOfBusinessResults,Prior3YearDuration,4097000000,201508271530
ordinary_income,2012-06-01,2013-05-31,jpcrp_cor:OrdinaryIncomeLossSummaryOfBusinessResults,Prior2YearDuration,5004000000,201508271530
ordinary_income,2013-06-01,2014-05-31,jpcrp_cor:OrdinaryIncomeLossSummaryOfBusinessResults,Prior1YearDuration,4509000000,201508271530
ordinary_income,2014-06-01,2015-05-31,jpcrp_cor:OrdinaryIncomeLossSummaryOfBusinessResults,CurrentYearDuration,2016000000,201508271530
net_income,2010-06-01,2011-05-31,jpcrp_cor:NetIncomeLossSummaryOfBusinessResults,Prior4YearDuration,-177000000,201508271530
net_income,2011-06-01,2012-05-31,jpcrp_cor:NetIncomeLossSummaryOfBusinessResults,Prior3YearDuration,783000000,201508271530
net_income,2012-06-01,2013-05-31,jpcrp_cor:NetIncomeLossSummaryOfBusinessResults,Prior2YearDuration,2648000000,201508271530
net_income,2013-06-01,2014-05-31,jpcrp_cor:NetIncomeLossSummaryOfBusinessResults,Prior1YearDuration,1717000000,201508271530
net_income,2014-06-01,2015-05-31,jpcrp_cor:NetIncomeLossSummaryOfBusinessResults,CurrentYearDuration,-641000000,201508271530
comprehensive_income,2010-06-01,2011-05-31,jpcrp_cor:NetIncomeLossSummaryOfBusinessResults,Prior4YearDuration,-177000000,201508271530
comprehensive_income,2011-06-01,2012-05-31,jpcrp_cor:NetIncomeLossSummaryOfBusinessResults,Prior3YearDuration,783000000,201508271530
comprehensive_income,2012-06-01,2013-05-31,jpcrp_cor:NetIncomeLossSummaryOfBusinessResults,Prior2YearDuration,2648000000,201508271530
comprehensive_income,2013-06-01,2014-05-31,jpcrp_cor:NetIncomeLossSummaryOfBusinessResults,Prior1YearDuration,1717000000,201508271530
comprehensive_income,2014-06-01,2015-05-31,jpcrp_cor:NetIncomeLossSummaryOfBusinessResults,CurrentYearDuration,-641000000,201508271530
net_asset,2010-06-01,2011-05-31,jpcrp_cor:NetAssetsSummaryOfBusinessResults,Prior4YearInstant,3852000000,201508271530
net_asset,2011-06-01,2012-05-31,jpcrp_cor:NetAssetsSummaryOfBusinessResults,Prior3YearInstant,4646000000,201508271530
net_asset,2012-06-01,2013-05-31,jpcrp_cor:NetAssetsSummaryOfBusinessResults,Prior2YearInstant,14279000000,201508271530
net_asset,2013-06-01,2014-05-31,jpcrp_cor:NetAssetsSummaryOfBusinessResults,Prior1YearInstant,15460000000,201508271530
net_asset,2014-06-01,2015-05-31,jpcrp_cor:NetAssetsSummaryOfBusinessResults,CurrentYearInstant,14393000000,201508271530
total_asset,2010-06-01,2011-05-31,jpcrp_cor:TotalAssetsSummaryOfBusinessResults,Prior4YearInstant,60185000000,201508271530
total_asset,2011-06-01,2012-05-31,jpcrp_cor:TotalAssetsSummaryOfBusinessResults,Prior3YearInstant,55551000000,201508271530
total_asset,2012-06-01,2013-05-31,jpcrp_cor:TotalAssetsSummaryOfBusinessResults,Prior2YearInstant,70135000000,201508271530
total_asset,2013-06-01,2014-05-31,jpcrp_cor:TotalAssetsSummaryOfBusinessResults,Prior1YearInstant,86408000000,201508271530
total_asset,2014-06-01,2015-05-31,jpcrp_cor:TotalAssetsSummaryOfBusinessResults,CurrentYearInstant,87071000000,201508271530
bps,2010-06-01,2011-05-31,jpcrp_cor:NetAssetsPerShareSummaryOfBusinessResults,Prior4YearInstant,171.89,201508271530
bps,2011-06-01,2012-05-31,jpcrp_cor:NetAssetsPerShareSummaryOfBusinessResults,Prior3YearInstant,207.90,201508271530
bps,2012-06-01,2013-05-31,jpcrp_cor:NetAssetsPerShareSummaryOfBusinessResults,Prior2YearInstant,473.89,201508271530
bps,2013-06-01,2014-05-31,jpcrp_cor:NetAssetsPerShareSummaryOfBusinessResults,Prior1YearInstant,507.32,201508271530
bps,2014-06-01,2015-05-31,jpcrp_cor:NetAssetsPerShareSummaryOfBusinessResults,CurrentYearInstant,467.76,201508271530
eps,2010-06-01,2011-05-31,jpcrp_cor:BasicEarningsLossPerShareSummaryOfBusinessResults,Prior4YearDuration,-8.12,201508271530
eps,2011-06-01,2012-05-31,jpcrp_cor:BasicEarningsLossPerShareSummaryOfBusinessResults,Prior3YearDuration,35.07,201508271530
eps,2012-06-01,2013-05-31,jpcrp_cor:BasicEarningsLossPerShareSummaryOfBusinessResults,Prior2YearDuration,112.10,201508271530
eps,2013-06-01,2014-05-31,jpcrp_cor:BasicEarningsLossPerShareSummaryOfBusinessResults,Prior1YearDuration,57.14,201508271530
eps,2014-06-01,2015-05-31,jpcrp_cor:BasicEarningsLossPerShareSummaryOfBusinessResults,CurrentYearDuration,-21.34,201508271530
diluted_eps,2010-06-01,2011-05-31,jpcrp_cor:DilutedEarningsPerShareSummaryOfBusinessResults,Prior4YearDuration,－,201508271530
diluted_eps,2011-06-01,2012-05-31,jpcrp_cor:DilutedEarningsPerShareSummaryOfBusinessResults,Prior3YearDuration,－,201508271530
diluted_eps,2012-06-01,2013-05-31,jpcrp_cor:DilutedEarningsPerShareSummaryOfBusinessResults,Prior2YearDuration,－,201508271530
diluted_eps,2013-06-01,2014-05-31,jpcrp_cor:DilutedEarningsPerShareSummaryOfBusinessResults,Prior1YearDuration,－,201508271530
diluted_eps,2014-06-01,2015-05-31,jpcrp_cor:DilutedEarningsPerShareSummaryOfBusinessResults,CurrentYearDuration,－,201508271530
equity_ratio,2010-06-01,2011-05-31,jpcrp_cor:EquityToAssetRatioSummaryOfBusinessResults,Prior4YearInstant,0.064,201508271530
equity_ratio,2011-06-01,2012-05-31,jpcrp_cor:EquityToAssetRatioSummaryOfBusinessResults,Prior3YearInstant,0.084,201508271530
equity_ratio,2012-06-01,2013-05-31,jpcrp_cor:EquityToAssetRatioSummaryOfBusinessResults,Prior2YearInstant,0.203,201508271530
equity_ratio,2013-06-01,2014-05-31,jpcrp_cor:EquityToAssetRatioSummaryOfBusinessResults,Prior1YearInstant,0.176,201508271530
equity_ratio,2014-06-01,2015-05-31,jpcrp_cor:EquityToAssetRatioSummaryOfBusinessResults,CurrentYearInstant,0.161,201508271530
roe,2010-06-01,2011-05-31,jpcrp_cor:RateOfReturnOnEquitySummaryOfBusinessResults,Prior4YearDuration,-0.046,201508271530
roe,2011-06-01,2012-05-31,jpcrp_cor:RateOfReturnOnEquitySummaryOfBusinessResults,Prior3YearDuration,0.185,201508271530
roe,2012-06-01,2013-05-31,jpcrp_cor:RateOfReturnOnEquitySummaryOfBusinessResults,Prior2YearDuration,0.280,201508271530
roe,2013-06-01,2014-05-31,jpcrp_cor:RateOfReturnOnEquitySummaryOfBusinessResults,Prior1YearDuration,0.116,201508271530
roe,2014-06-01,2015-05-31,jpcrp_cor:RateOfReturnOnEquitySummaryOfBusinessResults,CurrentYearDuration,-0.044,201508271530
number_of_employee,2010-06-01,2011-05-31,jpcrp_cor:NumberOfEmployees,Prior4YearInstant,3168,201508271530
number_of_employee,2011-06-01,2012-05-31,jpcrp_cor:NumberOfEmployees,Prior3YearInstant,2923,201508271530
number_of_employee,2012-06-01,2013-05-31,jpcrp_cor:NumberOfEmployees,Prior2YearInstant,2898,201508271530
number_of_employee,2013-06-01,2014-05-31,jpcrp_cor:NumberOfEmployees,Prior1YearInstant,3166,201508271530
number_of_employee,2014-06-01,2015-05-31,jpcrp_cor:NumberOfEmployees,CurrentYearInstant,3015,201508271530
number_of_temporary_worker,2010-06-01,2011-05-31,jpcrp_cor:AverageNumberOfTemporaryWorkers,Prior4YearInstant,－,201508271530
number_of_temporary_worker,2011-06-01,2012-05-31,jpcrp_cor:AverageNumberOfTemporaryWorkers,Prior3YearInstant,－,201508271530
number_of_temporary_worker,2012-06-01,2013-05-31,jpcrp_cor:AverageNumberOfTemporaryWorkers,Prior2YearInstant,－,201508271530
number_of_temporary_worker,2013-06-01,2014-05-31,jpcrp_cor:AverageNumberOfTemporaryWorkers,Prior1YearInstant,－,201508271530
number_of_temporary_worker,2014-06-01,2015-05-31,jpcrp_cor:AverageNumberOfTemporaryWorkers,CurrentYearInstant,－,201508271530
number_of_shares,2010-06-01,2011-05-31,jpcrp_cor:TotalNumberOfIssuedSharesSummaryOfBusinessResults,Prior4YearInstant_NonConsolidatedMember,22600000,201508271530
number_of_shares,2011-06-01,2012-05-31,jpcrp_cor:TotalNumberOfIssuedSharesSummaryOfBusinessResults,Prior3YearInstant_NonConsolidatedMember,22600000,201508271530
number_of_shares,2012-06-01,2013-05-31,jpcrp_cor:TotalNumberOfIssuedSharesSummaryOfBusinessResults,Prior2YearInstant_NonConsolidatedMember,30055800,201508271530
number_of_shares,2013-06-01,2014-05-31,jpcrp_cor:TotalNumberOfIssuedSharesSummaryOfBusinessResults,Prior1YearInstant_NonConsolidatedMember,30055800,201508271530
number_of_shares,2014-06-01,2015-05-31,jpcrp_cor:TotalNumberOfIssuedSharesSummaryOfBusinessResults,CurrentYearInstant_NonConsolidatedMember,30055800,201508271530
cost_of_sales,2013-06-01,2014-05-31,jppfs_cor:CostOfSales,Prior1YearDuration,128733000000,201508271530
cost_of_sales,2014-06-01,2015-05-31,jppfs_cor:CostOfSales,CurrentYearDuration,112223000000,201508271530
gross_profit,2013-06-01,2014-05-31,jppfs_cor:GrossProfit,Prior1YearDuration,40795000000,201508271530
gross_profit,2014-06-01,2015-05-31,jppfs_cor:GrossProfit,CurrentYearDuration,37347000000,201508271530
operating_income,2013-06-01,2014-05-31,jppfs_cor:OperatingIncome,Prior1YearDuration,4580000000,201508271530
operating_income,2014-06-01,2015-05-31,jppfs_cor:OperatingIncome,CurrentYearDuration,2284000000,201508271530
operating_income,2013-06-01,2014-05-31,jppfs_cor:OperatingIncome,Prior1YearDuration,4580000000,201508271530
operating_income,2014-06-01,2015-05-31,jppfs_cor:OperatingIncome,CurrentYearDuration,2284000000,201508271530
net_sales,2014-06-01,2014-08-31,jpcrp_cor:NetSalesSummaryOfBusinessResults,Prior1YTDDuration,28129000000,201510131531
net_sales,2015-06-01,2015-08-31,jpcrp_cor:NetSalesSummaryOfBusinessResults,CurrentYTDDuration,22118000000,201510131531
net_sales,2014-06-01,2014-08-31,jpcrp_cor:NetSalesSummaryOfBusinessResults,Prior1YearDuration,149570000000,201510131531
ordinary_income,2014-06-01,2014-08-31,jpcrp_cor:OrdinaryIncomeLossSummaryOfBusinessResults,Prior1YTDDuration,-1865000000,201510131531
ordinary_income,2015-06-01,2015-08-31,jpcrp_cor:OrdinaryIncomeLossSummaryOfBusinessResults,CurrentYTDDuration,-3065000000,201510131531
ordinary_income,2014-06-01,2014-08-31,jpcrp_cor:OrdinaryIncomeLossSummaryOfBusinessResults,Prior1YearDuration,2016000000,201510131531
net_asset,2015-03-01,2015-05-31,jpcrp_cor:NetAssetsSummaryOfBusinessResults,Prior1QuarterInstant,13244000000,201510131531
net_asset,2015-06-01,2015-08-31,jpcrp_cor:NetAssetsSummaryOfBusinessResults,CurrentQuarterInstant,12098000000,201510131531
net_asset,2014-06-01,2014-08-31,jpcrp_cor:NetAssetsSummaryOfBusinessResults,Prior1YearInstant,14393000000,201510131531
total_asset,2015-03-01,2015-05-31,jpcrp_cor:TotalAssetsSummaryOfBusinessResults,Prior1QuarterInstant,80662000000,201510131531
total_asset,2015-06-01,2015-08-31,jpcrp_cor:TotalAssetsSummaryOfBusinessResults,CurrentQuarterInstant,83534000000,201510131531
total_asset,2014-06-01,2014-08-31,jpcrp_cor:TotalAssetsSummaryOfBusinessResults,Prior1YearInstant,87071000000,201510131531
eps,2014-06-01,2014-08-31,jpcrp_cor:BasicEarningsLossPerShareSummaryOfBusinessResults,Prior1YTDDuration,-47.29,201510131531
eps,2015-06-01,2015-08-31,jpcrp_cor:BasicEarningsLossPerShareSummaryOfBusinessResults,CurrentYTDDuration,-76.27,201510131531
eps,2014-06-01,2014-08-31,jpcrp_cor:BasicEarningsLossPerShareSummaryOfBusinessResults,Prior1YearDuration,-21.34,201510131531
diluted_eps,2014-06-01,2014-08-31,jpcrp_cor:DilutedEarningsPerShareSummaryOfBusinessResults,Prior1YTDDuration,－,201510131531
diluted_eps,2015-06-01,2015-08-31,jpcrp_cor:DilutedEarningsPerShareSummaryOfBusinessResults,CurrentYTDDuration,－,201510131531
equity_ratio,2015-03-01,2015-05-31,jpcrp_cor:EquityToAssetRatioSummaryOfBusinessResults,Prior1QuarterInstant,0.161,201510131531
equity_ratio,2015-06-01,2015-08-31,jpcrp_cor:EquityToAssetRatioSummaryOfBusinessResults,CurrentQuarterInstant,0.140,201510131531
equity_ratio,2014-06-01,2014-08-31,jpcrp_cor:EquityToAssetRatioSummaryOfBusinessResults,Prior1YearInstant,0.161,201510131531
cost_of_sales,2014-06-01,2014-08-31,jppfs_cor:CostOfSales,Prior1YTDDuration,21351000000,201510131531
cost_of_sales,2015-06-01,2015-08-31,jppfs_cor:CostOfSales,CurrentYTDDuration,16394000000,201510131531
gross_profit,2014-06-01,2014-08-31,jppfs_cor:GrossProfit,Prior1YTDDuration,6778000000,201510131531
gross_profit,2015-06-01,2015-08-31,jppfs_cor:GrossProfit,CurrentYTDDuration,5724000000,201510131531
operating_income,2014-06-01,2014-08-31,jppfs_cor:OperatingIncome,Prior1YTDDuration,-1825000000,201510131531
operating_income,2015-06-01,2015-08-31,jppfs_cor:OperatingIncome,CurrentYTDDuration,-2878000000,201510131531
operating_income,2014-06-01,2014-08-31,jppfs_cor:OperatingIncome,Prior1YTDDuration,-1825000000,201510131531
operating_income,2015-06-01,2015-08-31,jppfs_cor:OperatingIncome,CurrentYTDDuration,-2878000000,201510131531
net_sales,2014-09-01,2014-11-30,jpcrp_cor:NetSalesSummaryOfBusinessResults,Prior1YTDDuration,66966000000,201601141530
net_sales,2015-09-01,2015-11-30,jpcrp_cor:NetSalesSummaryOfBusinessResults,CurrentYTDDuration,58169000000,201601141530
ordinary_income,2014-09-01,2014-11-30,jpcrp_cor:OrdinaryIncomeLossSummaryOfBusinessResults,Prior1YTDDuration,-1523000000,201601141530
ordinary_income,2015-09-01,2015-11-30,jpcrp_cor:OrdinaryIncomeLossSummaryOfBusinessResults,CurrentYTDDuration,-2814000000,201601141530
net_asset,2015-06-01,2015-08-30,jpcrp_cor:NetAssetsSummaryOfBusinessResults,Prior1QuarterInstant,13243000000,201601141530
net_asset,2015-09-01,2015-11-30,jpcrp_cor:NetAssetsSummaryOfBusinessResults,CurrentQuarterInstant,11851000000,201601141530
total_asset,2015-06-01,2015-08-30,jpcrp_cor:TotalAssetsSummaryOfBusinessResults,Prior1QuarterInstant,82004000000,201601141530
total_asset,2015-09-01,2015-11-30,jpcrp_cor:TotalAssetsSummaryOfBusinessResults,CurrentQuarterInstant,81892000000,201601141530
eps,2014-09-01,2014-11-30,jpcrp_cor:BasicEarningsLossPerShareSummaryOfBusinessResults,Prior1YTDDuration,-47.75,201601141530
eps,2015-09-01,2015-11-30,jpcrp_cor:BasicEarningsLossPerShareSummaryOfBusinessResults,CurrentYTDDuration,-78.69,201601141530
eps,2015-06-01,2015-08-30,jpcrp_cor:BasicEarningsLossPerShareSummaryOfBusinessResults,Prior1QuarterDuration,-0.46,201601141530
eps,2015-09-01,2015-11-30,jpcrp_cor:BasicEarningsLossPerShareSummaryOfBusinessResults,CurrentQuarterDuration,-2.42,201601141530
equity_ratio,2015-06-01,2015-08-30,jpcrp_cor:EquityToAssetRatioSummaryOfBusinessResults,Prior1QuarterInstant,0.158,201601141530
cost_of_sales,2014-09-01,2014-11-30,jppfs_cor:CostOfSales,Prior1YTDDuration,50629000000,201601141530
cost_of_sales,2015-09-01,2015-11-30,jppfs_cor:CostOfSales,CurrentYTDDuration,43329000000,201601141530
gross_profit,2014-09-01,2014-11-30,jppfs_cor:GrossProfit,Prior1YTDDuration,16337000000,201601141530
gross_profit,2015-09-01,2015-11-30,jppfs_cor:GrossProfit,CurrentYTDDuration,14840000000,201601141530
operating_income,2014-09-01,2014-11-30,jppfs_cor:OperatingIncome,Prior1YTDDuration,-1520000000,201601141530
operating_income,2015-09-01,2015-11-30,jppfs_cor:OperatingIncome,CurrentYTDDuration,-2599000000,201601141530
operating_income,2014-09-01,2014-11-30,jppfs_cor:OperatingIncome,Prior1YTDDuration,-1520000000,201601141530
operating_income,2015-09-01,2015-11-30,jppfs_cor:OperatingIncome,CurrentYTDDuration,-2599000000,201601141530
net_sales,2014-12-01,2015-02-28,jpcrp_cor:NetSalesSummaryOfBusinessResults,Prior1YTDDuration,96167000000,201604141530
net_sales,2015-12-01,2016-02-29,jpcrp_cor:NetSalesSummaryOfBusinessResults,CurrentYTDDuration,87000000000,201604141530
ordinary_income,2014-12-01,2015-02-28,jpcrp_cor:OrdinaryIncomeLossSummaryOfBusinessResults,Prior1YTDDuration,-2703000000,201604141530
ordinary_income,2015-12-01,2016-02-29,jpcrp_cor:OrdinaryIncomeLossSummaryOfBusinessResults,CurrentYTDDuration,-3952000000,201604141530
net_asset,2015-09-01,2015-11-29,jpcrp_cor:NetAssetsSummaryOfBusinessResults,Prior1QuarterInstant,12578000000,201604141530
net_asset,2015-12-01,2016-02-29,jpcrp_cor:NetAssetsSummaryOfBusinessResults,CurrentQuarterInstant,11024000000,201604141530
total_asset,2015-09-01,2015-11-29,jpcrp_cor:TotalAssetsSummaryOfBusinessResults,Prior1QuarterInstant,90197000000,201604141530
total_asset,2015-12-01,2016-02-29,jpcrp_cor:TotalAssetsSummaryOfBusinessResults,CurrentQuarterInstant,88905000000,201604141530
eps,2014-12-01,2015-02-28,jpcrp_cor:BasicEarningsLossPerShareSummaryOfBusinessResults,Prior1YTDDuration,-85.70,201604141530
eps,2015-12-01,2016-02-29,jpcrp_cor:BasicEarningsLossPerShareSummaryOfBusinessResults,CurrentYTDDuration,-111.18,201604141530
eps,2015-09-01,2015-11-29,jpcrp_cor:BasicEarningsLossPerShareSummaryOfBusinessResults,Prior1QuarterDuration,-37.95,201604141530
eps,2015-12-01,2016-02-29,jpcrp_cor:BasicEarningsLossPerShareSummaryOfBusinessResults,CurrentQuarterDuration,-32.49,201604141530
equity_ratio,2015-09-01,2015-11-29,jpcrp_cor:EquityToAssetRatioSummaryOfBusinessResults,Prior1QuarterInstant,0.136,201604141530
equity_ratio,2015-12-01,2016-02-29,jpcrp_cor:EquityToAssetRatioSummaryOfBusinessResults,CurrentQuarterInstant,0.120,201604141530
cost_of_sales,2014-12-01,2015-02-28,jppfs_cor:CostOfSales,Prior1YTDDuration,72419000000,201604141530
cost_of_sales,2015-12-01,2016-02-29,jppfs_cor:CostOfSales,CurrentYTDDuration,64792000000,201604141530
gross_profit,2014-12-01,2015-02-28,jppfs_cor:GrossProfit,Prior1YTDDuration,23747000000,201604141530
gross_profit,2015-12-01,2016-02-29,jppfs_cor:GrossProfit,CurrentYTDDuration,22207000000,201604141530
operating_income,2014-12-01,2015-02-28,jppfs_cor:OperatingIncome,Prior1YTDDuration,-2488000000,201604141530
operating_income,2015-12-01,2016-02-29,jppfs_cor:OperatingIncome,CurrentYTDDuration,-3332000000,201604141530
operating_income,2014-12-01,2015-02-28,jppfs_cor:OperatingIncome,Prior1YTDDuration,-2488000000,201604141530
operating_income,2015-12-01,2016-02-29,jppfs_cor:OperatingIncome,CurrentYTDDuration,-3332000000,201604141530
net_sales,2011-06-01,2012-05-31,jpcrp_cor:NetSalesSummaryOfBusinessResults,Prior4YearDuration,169651000000,201608301531
net_sales,2012-06-01,2013-05-31,jpcrp_cor:NetSalesSummaryOfBusinessResults,Prior3YearDuration,152323000000,201608301531
net_sales,2013-06-01,2014-05-31,jpcrp_cor:NetSalesSummaryOfBusinessResults,Prior2YearDuration,169528000000,201608301531
net_sales,2015-06-01,2016-05-31,jpcrp_cor:NetSalesSummaryOfBusinessResults,CurrentYearDuration,138379000000,201608301531
ordinary_income,2011-06-01,2012-05-31,jpcrp_cor:OrdinaryIncomeLossSummaryOfBusinessResults,Prior4YearDuration,4097000000,201608301531
ordinary_income,2012-06-01,2013-05-31,jpcrp_cor:OrdinaryIncomeLossSummaryOfBusinessResults,Prior3YearDuration,5004000000,201608301531
ordinary_income,2013-06-01,2014-05-31,jpcrp_cor:OrdinaryIncomeLossSummaryOfBusinessResults,Prior2YearDuration,4509000000,201608301531
ordinary_income,2015-06-01,2016-05-31,jpcrp_cor:OrdinaryIncomeLossSummaryOfBusinessResults,CurrentYearDuration,1016000000,201608301531
net_income,2011-06-01,2012-05-31,jpcrp_cor:NetIncomeLossSummaryOfBusinessResults,Prior4YearDuration_NonConsolidatedMember,863000000,201608301531
net_income,2012-06-01,2013-05-31,jpcrp_cor:NetIncomeLossSummaryOfBusinessResults,Prior3YearDuration_NonConsolidatedMember,2506000000,201608301531
net_income,2013-06-01,2014-05-31,jpcrp_cor:NetIncomeLossSummaryOfBusinessResults,Prior2YearDuration_NonConsolidatedMember,1982000000,201608301531
net_income,2014-06-01,2015-05-31,jpcrp_cor:NetIncomeLossSummaryOfBusinessResults,Prior1YearDuration_NonConsolidatedMember,-484000000,201608301531
net_income,2015-06-01,2016-05-31,jpcrp_cor:NetIncomeLossSummaryOfBusinessResults,CurrentYearDuration_NonConsolidatedMember,-554000000,201608301531
comprehensive_income,2011-06-01,2012-05-31,jpcrp_cor:NetIncomeLossSummaryOfBusinessResults,Prior4YearDuration_NonConsolidatedMember,863000000,201608301531
comprehensive_income,2012-06-01,2013-05-31,jpcrp_cor:NetIncomeLossSummaryOfBusinessResults,Prior3YearDuration_NonConsolidatedMember,2506000000,201608301531
comprehensive_income,2013-06-01,2014-05-31,jpcrp_cor:NetIncomeLossSummaryOfBusinessResults,Prior2YearDuration_NonConsolidatedMember,1982000000,201608301531
comprehensive_income,2014-06-01,2015-05-31,jpcrp_cor:NetIncomeLossSummaryOfBusinessResults,Prior1YearDuration_NonConsolidatedMember,-484000000,201608301531
comprehensive_income,2015-06-01,2016-05-31,jpcrp_cor:NetIncomeLossSummaryOfBusinessResults,CurrentYearDuration_NonConsolidatedMember,-554000000,201608301531
net_asset,2011-06-01,2012-05-31,jpcrp_cor:NetAssetsSummaryOfBusinessResults,Prior4YearInstant,4646000000,201608301531
net_asset,2012-06-01,2013-05-31,jpcrp_cor:NetAssetsSummaryOfBusinessResults,Prior3YearInstant,14279000000,201608301531
net_asset,2013-06-01,2014-05-31,jpcrp_cor:NetAssetsSummaryOfBusinessResults,Prior2YearInstant,15460000000,201608301531
net_asset,2015-06-01,2016-05-31,jpcrp_cor:NetAssetsSummaryOfBusinessResults,CurrentYearInstant,13531000000,201608301531
total_asset,2011-06-01,2012-05-31,jpcrp_cor:TotalAssetsSummaryOfBusinessResults,Prior4YearInstant,55551000000,201608301531
total_asset,2012-06-01,2013-05-31,jpcrp_cor:TotalAssetsSummaryOfBusinessResults,Prior3YearInstant,70135000000,201608301531
total_asset,2013-06-01,2014-05-31,jpcrp_cor:TotalAssetsSummaryOfBusinessResults,Prior2YearInstant,86408000000,201608301531
total_asset,2015-06-01,2016-05-31,jpcrp_cor:TotalAssetsSummaryOfBusinessResults,CurrentYearInstant,83866000000,201608301531
bps,2011-06-01,2012-05-31,jpcrp_cor:NetAssetsPerShareSummaryOfBusinessResults,Prior4YearInstant,207.90,201608301531
bps,2012-06-01,2013-05-31,jpcrp_cor:NetAssetsPerShareSummaryOfBusinessResults,Prior3YearInstant,473.89,201608301531
bps,2013-06-01,2014-05-31,jpcrp_cor:NetAssetsPerShareSummaryOfBusinessResults,Prior2YearInstant,507.32,201608301531
bps,2014-06-01,2015-05-31,jpcrp_cor:NetAssetsPerShareSummaryOfBusinessResults,Prior1YearInstant,467.76,201608301531
bps,2015-06-01,2016-05-31,jpcrp_cor:NetAssetsPerShareSummaryOfBusinessResults,CurrentYearInstant,442.96,201608301531
eps,2011-06-01,2012-05-31,jpcrp_cor:BasicEarningsLossPerShareSummaryOfBusinessResults,Prior4YearDuration,35.07,201608301531
eps,2012-06-01,2013-05-31,jpcrp_cor:BasicEarningsLossPerShareSummaryOfBusinessResults,Prior3YearDuration,112.10,201608301531
eps,2013-06-01,2014-05-31,jpcrp_cor:BasicEarningsLossPerShareSummaryOfBusinessResults,Prior2YearDuration,57.14,201608301531
eps,2015-06-01,2016-05-31,jpcrp_cor:BasicEarningsLossPerShareSummaryOfBusinessResults,CurrentYearDuration,-14.84,201608301531
equity_ratio,2011-06-01,2012-05-31,jpcrp_cor:EquityToAssetRatioSummaryOfBusinessResults,Prior4YearInstant,0.084,201608301531
equity_ratio,2012-06-01,2013-05-31,jpcrp_cor:EquityToAssetRatioSummaryOfBusinessResults,Prior3YearInstant,0.203,201608301531
equity_ratio,2013-06-01,2014-05-31,jpcrp_cor:EquityToAssetRatioSummaryOfBusinessResults,Prior2YearInstant,0.176,201608301531
equity_ratio,2015-06-01,2016-05-31,jpcrp_cor:EquityToAssetRatioSummaryOfBusinessResults,CurrentYearInstant,0.159,201608301531
roe,2011-06-01,2012-05-31,jpcrp_cor:RateOfReturnOnEquitySummaryOfBusinessResults,Prior4YearDuration,0.185,201608301531
roe,2012-06-01,2013-05-31,jpcrp_cor:RateOfReturnOnEquitySummaryOfBusinessResults,Prior3YearDuration,0.280,201608301531
roe,2013-06-01,2014-05-31,jpcrp_cor:RateOfReturnOnEquitySummaryOfBusinessResults,Prior2YearDuration,0.116,201608301531
roe,2014-06-01,2015-05-31,jpcrp_cor:RateOfReturnOnEquitySummaryOfBusinessResults,Prior1YearDuration,-0.044,201608301531
roe,2015-06-01,2016-05-31,jpcrp_cor:RateOfReturnOnEquitySummaryOfBusinessResults,CurrentYearDuration,-0.033,201608301531
number_of_employee,2011-06-01,2012-05-31,jpcrp_cor:NumberOfEmployees,Prior4YearInstant,2923,201608301531
number_of_employee,2012-06-01,2013-05-31,jpcrp_cor:NumberOfEmployees,Prior3YearInstant,2898,201608301531
number_of_employee,2013-06-01,2014-05-31,jpcrp_cor:NumberOfEmployees,Prior2YearInstant,3166,201608301531
number_of_employee,2014-06-01,2015-05-31,jpcrp_cor:NumberOfEmployees,Prior1YearInstant,3015,201608301531
number_of_employee,2015-06-01,2016-05-31,jpcrp_cor:NumberOfEmployees,CurrentYearInstant,2966,201608301531
number_of_shares,2012-06-01,2013-05-31,jpcrp_cor:TotalNumberOfIssuedSharesSummaryOfBusinessResults,Prior3YearInstant_NonConsolidatedMember,30055800,201608301531
cost_of_sales,2014-06-01,2015-05-31,jppfs_cor:CostOfSales,Prior1YearDuration,112223000000,201608301531
cost_of_sales,2015-06-01,2016-05-31,jppfs_cor:CostOfSales,CurrentYearDuration,102776000000,201608301531
gross_profit,2014-06-01,2015-05-31,jppfs_cor:GrossProfit,Prior1YearDuration,37347000000,201608301531
gross_profit,2015-06-01,2016-05-31,jppfs_cor:GrossProfit,CurrentYearDuration,35602000000,201608301531
operating_income,2014-06-01,2015-05-31,jppfs_cor:OperatingIncome,Prior1YearDuration,2284000000,201608301531
operating_income,2015-06-01,2016-05-31,jppfs_cor:OperatingIncome,CurrentYearDuration,1803000000,201608301531
operating_income,2014-06-01,2015-05-31,jppfs_cor:OperatingIncome,Prior1YearDuration,2284000000,201608301531
operating_income,2015-06-01,2016-05-31,jppfs_cor:OperatingIncome,CurrentYearDuration,1803000000,201608301531
net_sales,2015-06-01,2015-08-31,jpcrp_cor:NetSalesSummaryOfBusinessResults,Prior1YTDDuration,22118000000,201610141531
net_sales,2016-06-01,2016-08-31,jpcrp_cor:NetSalesSummaryOfBusinessResults,CurrentYTDDuration,24513000000,201610141531
net_sales,2015-06-01,2015-08-31,jpcrp_cor:NetSalesSummaryOfBusinessResults,Prior1YearDuration,138379000000,201610141531
ordinary_income,2015-06-01,2015-08-31,jpcrp_cor:OrdinaryIncomeLossSummaryOfBusinessResults,Prior1YTDDuration,-3065000000,201610141531
ordinary_income,2016-06-01,2016-08-31,jpcrp_cor:OrdinaryIncomeLossSummaryOfBusinessResults,CurrentYTDDuration,-2580000000,201610141531
ordinary_income,2015-06-01,2015-08-31,jpcrp_cor:OrdinaryIncomeLossSummaryOfBusinessResults,Prior1YearDuration,1016000000,201610141531
net_asset,2016-03-01,2016-05-31,jpcrp_cor:NetAssetsSummaryOfBusinessResults,Prior1QuarterInstant,12098000000,201610141531
net_asset,2016-06-01,2016-08-31,jpcrp_cor:NetAssetsSummaryOfBusinessResults,CurrentQuarterInstant,11153000000,201610141531
net_asset,2015-06-01,2015-08-31,jpcrp_cor:NetAssetsSummaryOfBusinessResults,Prior1YearInstant,13531000000,201610141531
total_asset,2016-03-01,2016-05-31,jpcrp_cor:TotalAssetsSummaryOfBusinessResults,Prior1QuarterInstant,83534000000,201610141531
total_asset,2016-06-01,2016-08-31,jpcrp_cor:TotalAssetsSummaryOfBusinessResults,CurrentQuarterInstant,89467000000,201610141531
total_asset,2015-06-01,2015-08-31,jpcrp_cor:TotalAssetsSummaryOfBusinessResults,Prior1YearInstant,83866000000,201610141531
eps,2015-06-01,2015-08-31,jpcrp_cor:BasicEarningsLossPerShareSummaryOfBusinessResults,Prior1YTDDuration,-76.27,201610141531
eps,2016-06-01,2016-08-31,jpcrp_cor:BasicEarningsLossPerShareSummaryOfBusinessResults,CurrentYTDDuration,-69.04,201610141531
eps,2015-06-01,2015-08-31,jpcrp_cor:BasicEarningsLossPerShareSummaryOfBusinessResults,Prior1YearDuration,-14.84,201610141531
equity_ratio,2016-03-01,2016-05-31,jpcrp_cor:EquityToAssetRatioSummaryOfBusinessResults,Prior1QuarterInstant,0.140,201610141531
equity_ratio,2016-06-01,2016-08-31,jpcrp_cor:EquityToAssetRatioSummaryOfBusinessResults,CurrentQuarterInstant,0.122,201610141531
equity_ratio,2015-06-01,2015-08-31,jpcrp_cor:EquityToAssetRatioSummaryOfBusinessResults,Prior1YearInstant,0.159,201610141531
cost_of_sales,2015-06-01,2015-08-31,jppfs_cor:CostOfSales,Prior1YTDDuration,16394000000,201610141531
cost_of_sales,2016-06-01,2016-08-31,jppfs_cor:CostOfSales,CurrentYTDDuration,17768000000,201610141531
gross_profit,2015-06-01,2015-08-31,jppfs_cor:GrossProfit,Prior1YTDDuration,5724000000,201610141531
gross_profit,2016-06-01,2016-08-31,jppfs_cor:GrossProfit,CurrentYTDDuration,6745000000,201610141531
operating_income,2015-06-01,2015-08-31,jppfs_cor:OperatingIncome,Prior1YTDDuration,-2878000000,201610141531
operating_income,2016-06-01,2016-08-31,jppfs_cor:OperatingIncome,CurrentYTDDuration,-2341000000,201610141531
operating_income,2015-06-01,2015-08-31,jppfs_cor:OperatingIncome,Prior1YTDDuration,-2878000000,201610141531
operating_income,2016-06-01,2016-08-31,jppfs_cor:OperatingIncome,CurrentYTDDuration,-2341000000,201610141531
net_sales,2015-09-01,2015-11-30,jpcrp_cor:NetSalesSummaryOfBusinessResults,Prior1YTDDuration,58169000000,201701131531
net_sales,2016-09-01,2016-11-30,jpcrp_cor:NetSalesSummaryOfBusinessResults,CurrentYTDDuration,63494000000,201701131531
ordinary_income,2015-09-01,2015-11-30,jpcrp_cor:OrdinaryIncomeLossSummaryOfBusinessResults,Prior1YTDDuration,-2814000000,201701131531
ordinary_income,2016-09-01,2016-11-30,jpcrp_cor:OrdinaryIncomeLossSummaryOfBusinessResults,CurrentYTDDuration,-1494000000,201701131531
net_asset,2016-06-01,2016-08-30,jpcrp_cor:NetAssetsSummaryOfBusinessResults,Prior1QuarterInstant,11851000000,201701131531
net_asset,2016-09-01,2016-11-30,jpcrp_cor:NetAssetsSummaryOfBusinessResults,CurrentQuarterInstant,11285000000,201701131531
total_asset,2016-06-01,2016-08-30,jpcrp_cor:TotalAssetsSummaryOfBusinessResults,Prior1QuarterInstant,81892000000,201701131531
total_asset,2016-09-01,2016-11-30,jpcrp_cor:TotalAssetsSummaryOfBusinessResults,CurrentQuarterInstant,90398000000,201701131531
eps,2015-09-01,2015-11-30,jpcrp_cor:BasicEarningsLossPerShareSummaryOfBusinessResults,Prior1YTDDuration,-78.69,201701131531
eps,2016-09-01,2016-11-30,jpcrp_cor:BasicEarningsLossPerShareSummaryOfBusinessResults,CurrentYTDDuration,-51.48,201701131531
eps,2016-06-01,2016-08-30,jpcrp_cor:BasicEarningsLossPerShareSummaryOfBusinessResults,Prior1QuarterDuration,-2.42,201701131531
eps,2016-09-01,2016-11-30,jpcrp_cor:BasicEarningsLossPerShareSummaryOfBusinessResults,CurrentQuarterDuration,17.55,201701131531
equity_ratio,2016-09-01,2016-11-30,jpcrp_cor:EquityToAssetRatioSummaryOfBusinessResults,CurrentQuarterInstant,0.123,201701131531
cost_of_sales,2015-09-01,2015-11-30,jppfs_cor:CostOfSales,Prior1YTDDuration,43329000000,201701131531
cost_of_sales,2016-09-01,2016-11-30,jppfs_cor:CostOfSales,CurrentYTDDuration,46697000000,201701131531
gross_profit,2015-09-01,2015-11-30,jppfs_cor:GrossProfit,Prior1YTDDuration,14840000000,201701131531
gross_profit,2016-09-01,2016-11-30,jppfs_cor:GrossProfit,CurrentYTDDuration,16797000000,201701131531
operating_income,2015-09-01,2015-11-30,jppfs_cor:OperatingIncome,Prior1YTDDuration,-2599000000,201701131531
operating_income,2016-09-01,2016-11-30,jppfs_cor:OperatingIncome,CurrentYTDDuration,-1346000000,201701131531
operating_income,2015-09-01,2015-11-30,jppfs_cor:OperatingIncome,Prior1YTDDuration,-2599000000,201701131531
operating_income,2016-09-01,2016-11-30,jppfs_cor:OperatingIncome,CurrentYTDDuration,-1346000000,201701131531
net_sales,2015-12-01,2016-02-28,jpcrp_cor:NetSalesSummaryOfBusinessResults,Prior1YTDDuration,87000000000,201704141531
net_sales,2016-12-01,2017-02-28,jpcrp_cor:NetSalesSummaryOfBusinessResults,CurrentYTDDuration,98762000000,201704141531
ordinary_income,2015-12-01,2016-02-28,jpcrp_cor:OrdinaryIncomeLossSummaryOfBusinessResults,Prior1YTDDuration,-3952000000,201704141531
ordinary_income,2016-12-01,2017-02-28,jpcrp_cor:OrdinaryIncomeLossSummaryOfBusinessResults,CurrentYTDDuration,-1639000000,201704141531
net_asset,2016-09-01,2016-11-28,jpcrp_cor:NetAssetsSummaryOfBusinessResults,Prior1QuarterInstant,11024000000,201704141531
net_asset,2016-12-01,2017-02-28,jpcrp_cor:NetAssetsSummaryOfBusinessResults,CurrentQuarterInstant,11306000000,201704141531
total_asset,2016-09-01,2016-11-28,jpcrp_cor:TotalAssetsSummaryOfBusinessResults,Prior1QuarterInstant,88905000000,201704141531
total_asset,2016-12-01,2017-02-28,jpcrp_cor:TotalAssetsSummaryOfBusinessResults,CurrentQuarterInstant,94789000000,201704141531
eps,2015-12-01,2016-02-28,jpcrp_cor:BasicEarningsLossPerShareSummaryOfBusinessResults,Prior1YTDDuration,-111.18,201704141531
eps,2016-12-01,2017-02-28,jpcrp_cor:BasicEarningsLossPerShareSummaryOfBusinessResults,CurrentYTDDuration,-61.59,201704141531
eps,2016-09-01,2016-11-28,jpcrp_cor:BasicEarningsLossPerShareSummaryOfBusinessResults,Prior1QuarterDuration,-32.49,201704141531
eps,2016-12-01,2017-02-28,jpcrp_cor:BasicEarningsLossPerShareSummaryOfBusinessResults,CurrentQuarterDuration,-10.11,201704141531
equity_ratio,2016-09-01,2016-11-28,jpcrp_cor:EquityToAssetRatioSummaryOfBusinessResults,Prior1QuarterInstant,0.120,201704141531
equity_ratio,2016-12-01,2017-02-28,jpcrp_cor:EquityToAssetRatioSummaryOfBusinessResults,CurrentQuarterInstant,0.118,201704141531
cost_of_sales,2015-12-01,2016-02-28,jppfs_cor:CostOfSales,Prior1YTDDuration,64792000000,201704141531
cost_of_sales,2016-12-01,2017-02-28,jppfs_cor:CostOfSales,CurrentYTDDuration,73377000000,201704141531
gross_profit,2015-12-01,2016-02-28,jppfs_cor:GrossProfit,Prior1YTDDuration,22207000000,201704141531
gross_profit,2016-12-01,2017-02-28,jppfs_cor:GrossProfit,CurrentYTDDuration,25385000000,201704141531
operating_income,2015-12-01,2016-02-28,jppfs_cor:OperatingIncome,Prior1YTDDuration,-3332000000,201704141531
operating_income,2016-12-01,2017-02-28,jppfs_cor:OperatingIncome,CurrentYTDDuration,-1328000000,201704141531
operating_income,2015-12-01,2016-02-28,jppfs_cor:OperatingIncome,Prior1YTDDuration,-3332000000,201704141531
operating_income,2016-12-01,2017-02-28,jppfs_cor:OperatingIncome,CurrentYTDDuration,-1328000000,201704141531
net_sales,2012-06-01,2013-05-31,jpcrp_cor:NetSalesSummaryOfBusinessResults,Prior4YearDuration,152323000000,201708301532
net_sales,2013-06-01,2014-05-31,jpcrp_cor:NetSalesSummaryOfBusinessResults,Prior3YearDuration,169528000000,201708301532
net_sales,2014-06-01,2015-05-31,jpcrp_cor:NetSalesSummaryOfBusinessResults,Prior2YearDuration,149570000000,201708301532
net_sales,2016-06-01,2017-05-31,jpcrp_cor:NetSalesSummaryOfBusinessResults,CurrentYearDuration,157001000000,201708301532
ordinary_income,2012-06-01,2013-05-31,jpcrp_cor:OrdinaryIncomeLossSummaryOfBusinessResults,Prior4YearDuration,5004000000,201708301532
ordinary_income,2013-06-01,2014-05-31,jpcrp_cor:OrdinaryIncomeLossSummaryOfBusinessResults,Prior3YearDuration,4509000000,201708301532
ordinary_income,2014-06-01,2015-05-31,jpcrp_cor:OrdinaryIncomeLossSummaryOfBusinessResults,Prior2YearDuration,2016000000,201708301532
ordinary_income,2016-06-01,2017-05-31,jpcrp_cor:OrdinaryIncomeLossSummaryOfBusinessResults,CurrentYearDuration,3475000000,201708301532
net_income,2012-06-01,2013-05-31,jpcrp_cor:NetIncomeLossSummaryOfBusinessResults,Prior4YearDuration_NonConsolidatedMember,2506000000,201708301532
net_income,2013-06-01,2014-05-31,jpcrp_cor:NetIncomeLossSummaryOfBusinessResults,Prior3YearDuration_NonConsolidatedMember,1982000000,201708301532
net_income,2014-06-01,2015-05-31,jpcrp_cor:NetIncomeLossSummaryOfBusinessResults,Prior2YearDuration_NonConsolidatedMember,-484000000,201708301532
net_income,2015-06-01,2016-05-31,jpcrp_cor:NetIncomeLossSummaryOfBusinessResults,Prior1YearDuration_NonConsolidatedMember,-554000000,201708301532
net_income,2016-06-01,2017-05-31,jpcrp_cor:NetIncomeLossSummaryOfBusinessResults,CurrentYearDuration_NonConsolidatedMember,-15000000,201708301532
comprehensive_income,2012-06-01,2013-05-31,jpcrp_cor:NetIncomeLossSummaryOfBusinessResults,Prior4YearDuration_NonConsolidatedMember,2506000000,201708301532
comprehensive_income,2013-06-01,2014-05-31,jpcrp_cor:NetIncomeLossSummaryOfBusinessResults,Prior3YearDuration_NonConsolidatedMember,1982000000,201708301532
comprehensive_income,2014-06-01,2015-05-31,jpcrp_cor:NetIncomeLossSummaryOfBusinessResults,Prior2YearDuration_NonConsolidatedMember,-484000000,201708301532
comprehensive_income,2015-06-01,2016-05-31,jpcrp_cor:NetIncomeLossSummaryOfBusinessResults,Prior1YearDuration_NonConsolidatedMember,-554000000,201708301532
comprehensive_income,2016-06-01,2017-05-31,jpcrp_cor:NetIncomeLossSummaryOfBusinessResults,CurrentYearDuration_NonConsolidatedMember,-15000000,201708301532
net_asset,2012-06-01,2013-05-31,jpcrp_cor:NetAssetsSummaryOfBusinessResults,Prior4YearInstant,14279000000,201708301532
net_asset,2013-06-01,2014-05-31,jpcrp_cor:NetAssetsSummaryOfBusinessResults,Prior3YearInstant,15460000000,201708301532
net_asset,2014-06-01,2015-05-31,jpcrp_cor:NetAssetsSummaryOfBusinessResults,Prior2YearInstant,14393000000,201708301532
net_asset,2016-06-01,2017-05-31,jpcrp_cor:NetAssetsSummaryOfBusinessResults,CurrentYearInstant,14088000000,201708301532
total_asset,2012-06-01,2013-05-31,jpcrp_cor:TotalAssetsSummaryOfBusinessResults,Prior4YearInstant,70135000000,201708301532
total_asset,2013-06-01,2014-05-31,jpcrp_cor:TotalAssetsSummaryOfBusinessResults,Prior3YearInstant,86408000000,201708301532
total_asset,2014-06-01,2015-05-31,jpcrp_cor:TotalAssetsSummaryOfBusinessResults,Prior2YearInstant,87071000000,201708301532
total_asset,2016-06-01,2017-05-31,jpcrp_cor:TotalAssetsSummaryOfBusinessResults,CurrentYearInstant,83350000000,201708301532
bps,2012-06-01,2013-05-31,jpcrp_cor:NetAssetsPerShareSummaryOfBusinessResults,Prior4YearInstant,473.89,201708301532
bps,2013-06-01,2014-05-31,jpcrp_cor:NetAssetsPerShareSummaryOfBusinessResults,Prior3YearInstant,507.32,201708301532
bps,2014-06-01,2015-05-31,jpcrp_cor:NetAssetsPerShareSummaryOfBusinessResults,Prior2YearInstant,467.76,201708301532
bps,2015-06-01,2016-05-31,jpcrp_cor:NetAssetsPerShareSummaryOfBusinessResults,Prior1YearInstant,442.96,201708301532
bps,2016-06-01,2017-05-31,jpcrp_cor:NetAssetsPerShareSummaryOfBusinessResults,CurrentYearInstant,463.12,201708301532
eps,2012-06-01,2013-05-31,jpcrp_cor:BasicEarningsLossPerShareSummaryOfBusinessResults,Prior4YearDuration,112.10,201708301532
eps,2013-06-01,2014-05-31,jpcrp_cor:BasicEarningsLossPerShareSummaryOfBusinessResults,Prior3YearDuration,57.14,201708301532
eps,2014-06-01,2015-05-31,jpcrp_cor:BasicEarningsLossPerShareSummaryOfBusinessResults,Prior2YearDuration,-21.34,201708301532
eps,2016-06-01,2017-05-31,jpcrp_cor:BasicEarningsLossPerShareSummaryOfBusinessResults,CurrentYearDuration,30.00,201708301532
equity_ratio,2012-06-01,2013-05-31,jpcrp_cor:EquityToAssetRatioSummaryOfBusinessResults,Prior4YearInstant,0.203,201708301532
equity_ratio,2013-06-01,2014-05-31,jpcrp_cor:EquityToAssetRatioSummaryOfBusinessResults,Prior3YearInstant,0.176,201708301532
equity_ratio,2014-06-01,2015-05-31,jpcrp_cor:EquityToAssetRatioSummaryOfBusinessResults,Prior2YearInstant,0.161,201708301532
equity_ratio,2016-06-01,2017-05-31,jpcrp_cor:EquityToAssetRatioSummaryOfBusinessResults,CurrentYearInstant,0.167,201708301532
roe,2012-06-01,2013-05-31,jpcrp_cor:RateOfReturnOnEquitySummaryOfBusinessResults,Prior4YearDuration,0.280,201708301532
roe,2013-06-01,2014-05-31,jpcrp_cor:RateOfReturnOnEquitySummaryOfBusinessResults,Prior3YearDuration,0.116,201708301532
roe,2014-06-01,2015-05-31,jpcrp_cor:RateOfReturnOnEquitySummaryOfBusinessResults,Prior2YearDuration,-0.044,201708301532
roe,2015-06-01,2016-05-31,jpcrp_cor:RateOfReturnOnEquitySummaryOfBusinessResults,Prior1YearDuration,-0.033,201708301532
roe,2016-06-01,2017-05-31,jpcrp_cor:RateOfReturnOnEquitySummaryOfBusinessResults,CurrentYearDuration,0.066,201708301532
number_of_employee,2012-06-01,2013-05-31,jpcrp_cor:NumberOfEmployees,Prior4YearInstant,2898,201708301532
number_of_employee,2013-06-01,2014-05-31,jpcrp_cor:NumberOfEmployees,Prior3YearInstant,3166,201708301532
number_of_employee,2014-06-01,2015-05-31,jpcrp_cor:NumberOfEmployees,Prior2YearInstant,3015,201708301532
number_of_employee,2015-06-01,2016-05-31,jpcrp_cor:NumberOfEmployees,Prior1YearInstant,2966,201708301532
number_of_employee,2016-06-01,2017-05-31,jpcrp_cor:NumberOfEmployees,CurrentYearInstant,3196,201708301532
number_of_shares,2012-06-01,2013-05-31,jpcrp_cor:TotalNumberOfIssuedSharesSummaryOfBusinessResults,Prior4YearInstant_NonConsolidatedMember,30055800,201708301532
cost_of_sales,2015-06-01,2016-05-31,jppfs_cor:CostOfSales,Prior1YearDuration,102776000000,201708301532
cost_of_sales,2016-06-01,2017-05-31,jppfs_cor:CostOfSales,CurrentYearDuration,117036000000,201708301532
gross_profit,2015-06-01,2016-05-31,jppfs_cor:GrossProfit,Prior1YearDuration,35602000000,201708301532
gross_profit,2016-06-01,2017-05-31,jppfs_cor:GrossProfit,CurrentYearDuration,39964000000,201708301532
operating_income,2015-06-01,2016-05-31,jppfs_cor:OperatingIncome,Prior1YearDuration,1803000000,201708301532
operating_income,2016-06-01,2017-05-31,jppfs_cor:OperatingIncome,CurrentYearDuration,3901000000,201708301532
operating_income,2015-06-01,2016-05-31,jppfs_cor:OperatingIncome,Prior1YearDuration,1803000000,201708301532
operating_income,2016-06-01,2017-05-31,jppfs_cor:OperatingIncome,CurrentYearDuration,3901000000,201708301532
net_sales,2016-06-01,2016-08-31,jpcrp_cor:NetSalesSummaryOfBusinessResults,Prior1YTDDuration,24513000000,201710131533
net_sales,2017-06-01,2017-08-31,jpcrp_cor:NetSalesSummaryOfBusinessResults,CurrentYTDDuration,25713000000,201710131533
net_sales,2016-06-01,2016-08-31,jpcrp_cor:NetSalesSummaryOfBusinessResults,Prior1YearDuration,157001000000,201710131533
ordinary_income,2016-06-01,2016-08-31,jpcrp_cor:OrdinaryIncomeLossSummaryOfBusinessResults,Prior1YTDDuration,-2580000000,201710131533
ordinary_income,2017-06-01,2017-08-31,jpcrp_cor:OrdinaryIncomeLossSummaryOfBusinessResults,CurrentYTDDuration,-2307000000,201710131533
ordinary_income,2016-06-01,2016-08-31,jpcrp_cor:OrdinaryIncomeLossSummaryOfBusinessResults,Prior1YearDuration,3475000000,201710131533
net_asset,2017-03-01,2017-05-31,jpcrp_cor:NetAssetsSummaryOfBusinessResults,Prior1QuarterInstant,11153000000,201710131533
net_asset,2017-06-01,2017-08-31,jpcrp_cor:NetAssetsSummaryOfBusinessResults,CurrentQuarterInstant,11874000000,201710131533
net_asset,2016-06-01,2016-08-31,jpcrp_cor:NetAssetsSummaryOfBusinessResults,Prior1YearInstant,14088000000,201710131533
total_asset,2017-03-01,2017-05-31,jpcrp_cor:TotalAssetsSummaryOfBusinessResults,Prior1QuarterInstant,89467000000,201710131533
total_asset,2017-06-01,2017-08-31,jpcrp_cor:TotalAssetsSummaryOfBusinessResults,CurrentQuarterInstant,86237000000,201710131533
total_asset,2016-06-01,2016-08-31,jpcrp_cor:TotalAssetsSummaryOfBusinessResults,Prior1YearInstant,83350000000,201710131533
eps,2016-06-01,2016-08-31,jpcrp_cor:BasicEarningsLossPerShareSummaryOfBusinessResults,Prior1YTDDuration,-69.04,201710131533
eps,2017-06-01,2017-08-31,jpcrp_cor:BasicEarningsLossPerShareSummaryOfBusinessResults,CurrentYTDDuration,-57.53,201710131533
eps,2016-06-01,2016-08-31,jpcrp_cor:BasicEarningsLossPerShareSummaryOfBusinessResults,Prior1YearDuration,30.00,201710131533
equity_ratio,2017-03-01,2017-05-31,jpcrp_cor:EquityToAssetRatioSummaryOfBusinessResults,Prior1QuarterInstant,0.122,201710131533
equity_ratio,2017-06-01,2017-08-31,jpcrp_cor:EquityToAssetRatioSummaryOfBusinessResults,CurrentQuarterInstant,0.136,201710131533
equity_ratio,2016-06-01,2016-08-31,jpcrp_cor:EquityToAssetRatioSummaryOfBusinessResults,Prior1YearInstant,0.167,201710131533
cost_of_sales,2016-06-01,2016-08-31,jppfs_cor:CostOfSales,Prior1YTDDuration,17768000000,201710131533
cost_of_sales,2017-06-01,2017-08-31,jppfs_cor:CostOfSales,CurrentYTDDuration,19083000000,201710131533
gross_profit,2016-06-01,2016-08-31,jppfs_cor:GrossProfit,Prior1YTDDuration,6745000000,201710131533
gross_profit,2017-06-01,2017-08-31,jppfs_cor:GrossProfit,CurrentYTDDuration,6630000000,201710131533
operating_income,2016-06-01,2016-08-31,jppfs_cor:OperatingIncome,Prior1YTDDuration,-2341000000,201710131533
operating_income,2017-06-01,2017-08-31,jppfs_cor:OperatingIncome,CurrentYTDDuration,-2179000000,201710131533
operating_income,2016-06-01,2016-08-31,jppfs_cor:OperatingIncome,Prior1YTDDuration,-2341000000,201710131533
operating_income,2017-06-01,2017-08-31,jppfs_cor:OperatingIncome,CurrentYTDDuration,-2179000000,201710131533
net_sales,2016-09-01,2016-11-30,jpcrp_cor:NetSalesSummaryOfBusinessResults,Prior1YTDDuration,63494000000,201801121532
net_sales,2017-09-01,2017-11-30,jpcrp_cor:NetSalesSummaryOfBusinessResults,CurrentYTDDuration,72126000000,201801121532
ordinary_income,2016-09-01,2016-11-30,jpcrp_cor:OrdinaryIncomeLossSummaryOfBusinessResults,Prior1YTDDuration,-1494000000,201801121532
ordinary_income,2017-09-01,2017-11-30,jpcrp_cor:OrdinaryIncomeLossSummaryOfBusinessResults,CurrentYTDDuration,-186000000,201801121532
net_asset,2017-06-01,2017-08-30,jpcrp_cor:NetAssetsSummaryOfBusinessResults,Prior1QuarterInstant,11285000000,201801121532
net_asset,2017-09-01,2017-11-30,jpcrp_cor:NetAssetsSummaryOfBusinessResults,CurrentQuarterInstant,12971000000,201801121532
total_asset,2017-06-01,2017-08-30,jpcrp_cor:TotalAssetsSummaryOfBusinessResults,Prior1QuarterInstant,90398000000,201801121532
total_asset,2017-09-01,2017-11-30,jpcrp_cor:TotalAssetsSummaryOfBusinessResults,CurrentQuarterInstant,87779000000,201801121532
eps,2016-09-01,2016-11-30,jpcrp_cor:BasicEarningsLossPerShareSummaryOfBusinessResults,Prior1YTDDuration,-51.48,201801121532
eps,2017-09-01,2017-11-30,jpcrp_cor:BasicEarningsLossPerShareSummaryOfBusinessResults,CurrentYTDDuration,-19.93,201801121532
eps,2017-06-01,2017-08-30,jpcrp_cor:BasicEarningsLossPerShareSummaryOfBusinessResults,Prior1QuarterDuration,17.55,201801121532
eps,2017-09-01,2017-11-30,jpcrp_cor:BasicEarningsLossPerShareSummaryOfBusinessResults,CurrentQuarterDuration,37.60,201801121532
equity_ratio,2017-06-01,2017-08-30,jpcrp_cor:EquityToAssetRatioSummaryOfBusinessResults,Prior1QuarterInstant,0.123,201801121532
equity_ratio,2017-09-01,2017-11-30,jpcrp_cor:EquityToAssetRatioSummaryOfBusinessResults,CurrentQuarterInstant,0.146,201801121532
cost_of_sales,2016-09-01,2016-11-30,jppfs_cor:CostOfSales,Prior1YTDDuration,46697000000,201801121532
cost_of_sales,2017-09-01,2017-11-30,jppfs_cor:CostOfSales,CurrentYTDDuration,53983000000,201801121532
gross_profit,2016-09-01,2016-11-30,jppfs_cor:GrossProfit,Prior1YTDDuration,16797000000,201801121532
gross_profit,2017-09-01,2017-11-30,jppfs_cor:GrossProfit,CurrentYTDDuration,18143000000,201801121532
operating_income,2016-09-01,2016-11-30,jppfs_cor:OperatingIncome,Prior1YTDDuration,-1346000000,201801121532
operating_income,2017-09-01,2017-11-30,jppfs_cor:OperatingIncome,CurrentYTDDuration,-55000000,201801121532
operating_income,2016-09-01,2016-11-30,jppfs_cor:OperatingIncome,Prior1YTDDuration,-1346000000,201801121532
operating_income,2017-09-01,2017-11-30,jppfs_cor:OperatingIncome,CurrentYTDDuration,-55000000,201801121532
net_sales,2016-12-01,2017-02-28,jpcrp_cor:NetSalesSummaryOfBusinessResults,Prior1YTDDuration,98762000000,201804131534
net_sales,2017-12-01,2018-02-28,jpcrp_cor:NetSalesSummaryOfBusinessResults,CurrentYTDDuration,109313000000,201804131534
ordinary_income,2016-12-01,2017-02-28,jpcrp_cor:OrdinaryIncomeLossSummaryOfBusinessResults,Prior1YTDDuration,-1639000000,201804131534
ordinary_income,2017-12-01,2018-02-28,jpcrp_cor:OrdinaryIncomeLossSummaryOfBusinessResults,CurrentYTDDuration,-268000000,201804131534
net_asset,2017-09-01,2017-11-28,jpcrp_cor:NetAssetsSummaryOfBusinessResults,Prior1QuarterInstant,11306000000,201804131534
net_asset,2017-12-01,2018-02-28,jpcrp_cor:NetAssetsSummaryOfBusinessResults,CurrentQuarterInstant,12476000000,201804131534
total_asset,2017-09-01,2017-11-28,jpcrp_cor:TotalAssetsSummaryOfBusinessResults,Prior1QuarterInstant,94789000000,201804131534
total_asset,2017-12-01,2018-02-28,jpcrp_cor:TotalAssetsSummaryOfBusinessResults,CurrentQuarterInstant,96308000000,201804131534
eps,2016-12-01,2017-02-28,jpcrp_cor:BasicEarningsLossPerShareSummaryOfBusinessResults,Prior1YTDDuration,-61.59,201804131534
eps,2017-12-01,2018-02-28,jpcrp_cor:BasicEarningsLossPerShareSummaryOfBusinessResults,CurrentYTDDuration,-35.11,201804131534
eps,2017-09-01,2017-11-28,jpcrp_cor:BasicEarningsLossPerShareSummaryOfBusinessResults,Prior1QuarterDuration,-10.11,201804131534
eps,2017-12-01,2018-02-28,jpcrp_cor:BasicEarningsLossPerShareSummaryOfBusinessResults,CurrentQuarterDuration,-15.19,201804131534
equity_ratio,2017-09-01,2017-11-28,jpcrp_cor:EquityToAssetRatioSummaryOfBusinessResults,Prior1QuarterInstant,0.118,201804131534
equity_ratio,2017-12-01,2018-02-28,jpcrp_cor:EquityToAssetRatioSummaryOfBusinessResults,CurrentQuarterInstant,0.129,201804131534
cost_of_sales,2016-12-01,2017-02-28,jppfs_cor:CostOfSales,Prior1YTDDuration,73377000000,201804131534
cost_of_sales,2017-12-01,2018-02-28,jppfs_cor:CostOfSales,CurrentYTDDuration,82202000000,201804131534
gross_profit,2016-12-01,2017-02-28,jppfs_cor:GrossProfit,Prior1YTDDuration,25385000000,201804131534
gross_profit,2017-12-01,2018-02-28,jppfs_cor:GrossProfit,CurrentYTDDuration,27111000000,201804131534
operating_income,2016-12-01,2017-02-28,jppfs_cor:OperatingIncome,Prior1YTDDuration,-1328000000,201804131534
operating_income,2017-12-01,2018-02-28,jppfs_cor:OperatingIncome,CurrentYTDDuration,278000000,201804131534
operating_income,2016-12-01,2017-02-28,jppfs_cor:OperatingIncome,Prior1YTDDuration,-1328000000,201804131534
operating_income,2017-12-01,2018-02-28,jppfs_cor:OperatingIncome,CurrentYTDDuration,278000000,201804131534
net_sales,2013-06-01,2014-05-31,jpcrp_cor:NetSalesSummaryOfBusinessResults,Prior4YearDuration,169528000000,201808301544
net_sales,2014-06-01,2015-05-31,jpcrp_cor:NetSalesSummaryOfBusinessResults,Prior3YearDuration,149570000000,201808301544
net_sales,2015-06-01,2016-05-31,jpcrp_cor:NetSalesSummaryOfBusinessResults,Prior2YearDuration,138379000000,201808301544
net_sales,2017-06-01,2018-05-31,jpcrp_cor:NetSalesSummaryOfBusinessResults,CurrentYearDuration,167915000000,201808301544
ordinary_income,2013-06-01,2014-05-31,jpcrp_cor:OrdinaryIncomeLossSummaryOfBusinessResults,Prior4YearDuration,4509000000,201808301544
ordinary_income,2014-06-01,2015-05-31,jpcrp_cor:OrdinaryIncomeLossSummaryOfBusinessResults,Prior3YearDuration,2016000000,201808301544
ordinary_income,2015-06-01,2016-05-31,jpcrp_cor:OrdinaryIncomeLossSummaryOfBusinessResults,Prior2YearDuration,1016000000,201808301544
ordinary_income,2017-06-01,2018-05-31,jpcrp_cor:OrdinaryIncomeLossSummaryOfBusinessResults,CurrentYearDuration,4029000000,201808301544
net_income,2013-06-01,2014-05-31,jpcrp_cor:NetIncomeLossSummaryOfBusinessResults,Prior4YearDuration_NonConsolidatedMember,1982000000,201808301544
net_income,2014-06-01,2015-05-31,jpcrp_cor:NetIncomeLossSummaryOfBusinessResults,Prior3YearDuration_NonConsolidatedMember,-484000000,201808301544
net_income,2015-06-01,2016-05-31,jpcrp_cor:NetIncomeLossSummaryOfBusinessResults,Prior2YearDuration_NonConsolidatedMember,-554000000,201808301544
net_income,2016-06-01,2017-05-31,jpcrp_cor:NetIncomeLossSummaryOfBusinessResults,Prior1YearDuration_NonConsolidatedMember,-15000000,201808301544
net_income,2017-06-01,2018-05-31,jpcrp_cor:NetIncomeLossSummaryOfBusinessResults,CurrentYearDuration_NonConsolidatedMember,1484000000,201808301544
comprehensive_income,2013-06-01,2014-05-31,jpcrp_cor:NetIncomeLossSummaryOfBusinessResults,Prior4YearDuration_NonConsolidatedMember,1982000000,201808301544
comprehensive_income,2014-06-01,2015-05-31,jpcrp_cor:NetIncomeLossSummaryOfBusinessResults,Prior3YearDuration_NonConsolidatedMember,-484000000,201808301544
comprehensive_income,2015-06-01,2016-05-31,jpcrp_cor:NetIncomeLossSummaryOfBusinessResults,Prior2YearDuration_NonConsolidatedMember,-554000000,201808301544
comprehensive_income,2016-06-01,2017-05-31,jpcrp_cor:NetIncomeLossSummaryOfBusinessResults,Prior1YearDuration_NonConsolidatedMember,-15000000,201808301544
comprehensive_income,2017-06-01,2018-05-31,jpcrp_cor:NetIncomeLossSummaryOfBusinessResults,CurrentYearDuration_NonConsolidatedMember,1484000000,201808301544
net_asset,2013-06-01,2014-05-31,jpcrp_cor:NetAssetsSummaryOfBusinessResults,Prior4YearInstant,15460000000,201808301544
net_asset,2014-06-01,2015-05-31,jpcrp_cor:NetAssetsSummaryOfBusinessResults,Prior3YearInstant,14393000000,201808301544
net_asset,2015-06-01,2016-05-31,jpcrp_cor:NetAssetsSummaryOfBusinessResults,Prior2YearInstant,13531000000,201808301544
net_asset,2017-06-01,2018-05-31,jpcrp_cor:NetAssetsSummaryOfBusinessResults,CurrentYearInstant,15513000000,201808301544
total_asset,2013-06-01,2014-05-31,jpcrp_cor:TotalAssetsSummaryOfBusinessResults,Prior4YearInstant,86408000000,201808301544
total_asset,2014-06-01,2015-05-31,jpcrp_cor:TotalAssetsSummaryOfBusinessResults,Prior3YearInstant,87071000000,201808301544
total_asset,2015-06-01,2016-05-31,jpcrp_cor:TotalAssetsSummaryOfBusinessResults,Prior2YearInstant,83866000000,201808301544
total_asset,2017-06-01,2018-05-31,jpcrp_cor:TotalAssetsSummaryOfBusinessResults,CurrentYearInstant,90785000000,201808301544
bps,2013-06-01,2014-05-31,jpcrp_cor:NetAssetsPerShareSummaryOfBusinessResults,Prior4YearInstant,507.32,201808301544
bps,2014-06-01,2015-05-31,jpcrp_cor:NetAssetsPerShareSummaryOfBusinessResults,Prior3YearInstant,467.76,201808301544
bps,2015-06-01,2016-05-31,jpcrp_cor:NetAssetsPerShareSummaryOfBusinessResults,Prior2YearInstant,442.96,201808301544
bps,2016-06-01,2017-05-31,jpcrp_cor:NetAssetsPerShareSummaryOfBusinessResults,Prior1YearInstant,463.12,201808301544
bps,2017-06-01,2018-05-31,jpcrp_cor:NetAssetsPerShareSummaryOfBusinessResults,CurrentYearInstant,515.30,201808301544
eps,2013-06-01,2014-05-31,jpcrp_cor:BasicEarningsLossPerShareSummaryOfBusinessResults,Prior4YearDuration,57.14,201808301544
eps,2014-06-01,2015-05-31,jpcrp_cor:BasicEarningsLossPerShareSummaryOfBusinessResults,Prior3YearDuration,-21.34,201808301544
eps,2015-06-01,2016-05-31,jpcrp_cor:BasicEarningsLossPerShareSummaryOfBusinessResults,Prior2YearDuration,-14.84,201808301544
eps,2017-06-01,2018-05-31,jpcrp_cor:BasicEarningsLossPerShareSummaryOfBusinessResults,CurrentYearDuration,68.12,201808301544
equity_ratio,2013-06-01,2014-05-31,jpcrp_cor:EquityToAssetRatioSummaryOfBusinessResults,Prior4YearInstant,0.176,201808301544
equity_ratio,2014-06-01,2015-05-31,jpcrp_cor:EquityToAssetRatioSummaryOfBusinessResults,Prior3YearInstant,0.161,201808301544
equity_ratio,2015-06-01,2016-05-31,jpcrp_cor:EquityToAssetRatioSummaryOfBusinessResults,Prior2YearInstant,0.159,201808301544
equity_ratio,2017-06-01,2018-05-31,jpcrp_cor:EquityToAssetRatioSummaryOfBusinessResults,CurrentYearInstant,0.171,201808301544
roe,2013-06-01,2014-05-31,jpcrp_cor:RateOfReturnOnEquitySummaryOfBusinessResults,Prior4YearDuration,0.116,201808301544
roe,2014-06-01,2015-05-31,jpcrp_cor:RateOfReturnOnEquitySummaryOfBusinessResults,Prior3YearDuration,-0.044,201808301544
roe,2015-06-01,2016-05-31,jpcrp_cor:RateOfReturnOnEquitySummaryOfBusinessResults,Prior2YearDuration,-0.033,201808301544
roe,2016-06-01,2017-05-31,jpcrp_cor:RateOfReturnOnEquitySummaryOfBusinessResults,Prior1YearDuration,0.066,201808301544
roe,2017-06-01,2018-05-31,jpcrp_cor:RateOfReturnOnEquitySummaryOfBusinessResults,CurrentYearDuration,0.139,201808301544
number_of_employee,2013-06-01,2014-05-31,jpcrp_cor:NumberOfEmployees,Prior4YearInstant,3166,201808301544
number_of_employee,2014-06-01,2015-05-31,jpcrp_cor:NumberOfEmployees,Prior3YearInstant,3015,201808301544
number_of_employee,2015-06-01,2016-05-31,jpcrp_cor:NumberOfEmployees,Prior2YearInstant,2966,201808301544
number_of_employee,2016-06-01,2017-05-31,jpcrp_cor:NumberOfEmployees,Prior1YearInstant,3196,201808301544
number_of_employee,2017-06-01,2018-05-31,jpcrp_cor:NumberOfEmployees,CurrentYearInstant,3408,201808301544
cost_of_sales,2016-06-01,2017-05-31,jppfs_cor:CostOfSales,Prior1YearDuration,117036000000,201808301544
cost_of_sales,2017-06-01,2018-05-31,jppfs_cor:CostOfSales,CurrentYearDuration,126701000000,201808301544
gross_profit,2016-06-01,2017-05-31,jppfs_cor:GrossProfit,Prior1YearDuration,39964000000,201808301544
gross_profit,2017-06-01,2018-05-31,jppfs_cor:GrossProfit,CurrentYearDuration,41214000000,201808301544
operating_income,2016-06-01,2017-05-31,jppfs_cor:OperatingIncome,Prior1YearDuration,3901000000,201808301544
operating_income,2017-06-01,2018-05-31,jppfs_cor:OperatingIncome,CurrentYearDuration,4653000000,201808301544
operating_income,2016-06-01,2017-05-31,jppfs_cor:OperatingIncome,Prior1YearDuration,3901000000,201808301544
operating_income,2017-06-01,2018-05-31,jppfs_cor:OperatingIncome,CurrentYearDuration,4653000000,201808301544
net_sales,2017-06-01,2017-08-31,jpcrp_cor:NetSalesSummaryOfBusinessResults,Prior1YTDDuration,25713000000,201810121534
net_sales,2018-06-01,2018-08-31,jpcrp_cor:NetSalesSummaryOfBusinessResults,CurrentYTDDuration,30034000000,201810121534
net_sales,2017-06-01,2017-08-31,jpcrp_cor:NetSalesSummaryOfBusinessResults,Prior1YearDuration,167915000000,201810121534
ordinary_income,2017-06-01,2017-08-31,jpcrp_cor:OrdinaryIncomeLossSummaryOfBusinessResults,Prior1YTDDuration,-2307000000,201810121534
ordinary_income,2018-06-01,2018-08-31,jpcrp_cor:OrdinaryIncomeLossSummaryOfBusinessResults,CurrentYTDDuration,-1787000000,201810121534
ordinary_income,2017-06-01,2017-08-31,jpcrp_cor:OrdinaryIncomeLossSummaryOfBusinessResults,Prior1YearDuration,4029000000,201810121534
net_asset,2018-03-01,2018-05-31,jpcrp_cor:NetAssetsSummaryOfBusinessResults,Prior1QuarterInstant,11874000000,201810121534
net_asset,2018-06-01,2018-08-31,jpcrp_cor:NetAssetsSummaryOfBusinessResults,CurrentQuarterInstant,13576000000,201810121534
net_asset,2017-06-01,2017-08-31,jpcrp_cor:NetAssetsSummaryOfBusinessResults,Prior1YearInstant,15513000000,201810121534
total_asset,2018-03-01,2018-05-31,jpcrp_cor:TotalAssetsSummaryOfBusinessResults,Prior1QuarterInstant,86237000000,201810121534
total_asset,2018-06-01,2018-08-31,jpcrp_cor:TotalAssetsSummaryOfBusinessResults,CurrentQuarterInstant,91285000000,201810121534
total_asset,2017-06-01,2017-08-31,jpcrp_cor:TotalAssetsSummaryOfBusinessResults,Prior1YearInstant,90767000000,201810121534
eps,2017-06-01,2017-08-31,jpcrp_cor:BasicEarningsLossPerShareSummaryOfBusinessResults,Prior1YTDDuration,-57.53,201810121534
eps,2018-06-01,2018-08-31,jpcrp_cor:BasicEarningsLossPerShareSummaryOfBusinessResults,CurrentYTDDuration,-35.35,201810121534
eps,2017-06-01,2017-08-31,jpcrp_cor:BasicEarningsLossPerShareSummaryOfBusinessResults,Prior1YearDuration,68.12,201810121534
equity_ratio,2018-06-01,2018-08-31,jpcrp_cor:EquityToAssetRatioSummaryOfBusinessResults,CurrentQuarterInstant,0.148,201810121534
equity_ratio,2017-06-01,2017-08-31,jpcrp_cor:EquityToAssetRatioSummaryOfBusinessResults,Prior1YearInstant,0.171,201810121534
cost_of_sales,2017-06-01,2017-08-31,jppfs_cor:CostOfSales,Prior1YTDDuration,19083000000,201810121534
cost_of_sales,2018-06-01,2018-08-31,jppfs_cor:CostOfSales,CurrentYTDDuration,22754000000,201810121534
gross_profit,2017-06-01,2017-08-31,jppfs_cor:GrossProfit,Prior1YTDDuration,6630000000,201810121534
gross_profit,2018-06-01,2018-08-31,jppfs_cor:GrossProfit,CurrentYTDDuration,7280000000,201810121534
operating_income,2017-06-01,2017-08-31,jppfs_cor:OperatingIncome,Prior1YTDDuration,-2179000000,201810121534
operating_income,2018-06-01,2018-08-31,jppfs_cor:OperatingIncome,CurrentYTDDuration,-1756000000,201810121534
operating_income,2017-06-01,2017-08-31,jppfs_cor:OperatingIncome,Prior1YTDDuration,-2179000000,201810121534
operating_income,2018-06-01,2018-08-31,jppfs_cor:OperatingIncome,CurrentYTDDuration,-1756000000,201810121534
net_sales,2017-09-01,2017-11-30,jpcrp_cor:NetSalesSummaryOfBusinessResults,Prior1YTDDuration,72126000000,201901111533
net_sales,2018-09-01,2018-11-30,jpcrp_cor:NetSalesSummaryOfBusinessResults,CurrentYTDDuration,82856000000,201901111533
ordinary_income,2017-09-01,2017-11-30,jpcrp_cor:OrdinaryIncomeLossSummaryOfBusinessResults,Prior1YTDDuration,-186000000,201901111533
ordinary_income,2018-09-01,2018-11-30,jpcrp_cor:OrdinaryIncomeLossSummaryOfBusinessResults,CurrentYTDDuration,3058000000,201901111533
net_asset,2018-06-01,2018-08-30,jpcrp_cor:NetAssetsSummaryOfBusinessResults,Prior1QuarterInstant,12971000000,201901111533
net_asset,2018-09-01,2018-11-30,jpcrp_cor:NetAssetsSummaryOfBusinessResults,CurrentQuarterInstant,16605000000,201901111533
total_asset,2018-06-01,2018-08-30,jpcrp_cor:TotalAssetsSummaryOfBusinessResults,Prior1QuarterInstant,87779000000,201901111533
total_asset,2018-09-01,2018-11-30,jpcrp_cor:TotalAssetsSummaryOfBusinessResults,CurrentQuarterInstant,96553000000,201901111533
eps,2017-09-01,2017-11-30,jpcrp_cor:BasicEarningsLossPerShareSummaryOfBusinessResults,Prior1YTDDuration,-19.93,201901111533
eps,2018-09-01,2018-11-30,jpcrp_cor:BasicEarningsLossPerShareSummaryOfBusinessResults,CurrentYTDDuration,68.14,201901111533
eps,2018-06-01,2018-08-30,jpcrp_cor:BasicEarningsLossPerShareSummaryOfBusinessResults,Prior1QuarterDuration,37.60,201901111533
eps,2018-09-01,2018-11-30,jpcrp_cor:BasicEarningsLossPerShareSummaryOfBusinessResults,CurrentQuarterDuration,103.49,201901111533
equity_ratio,2018-06-01,2018-08-30,jpcrp_cor:EquityToAssetRatioSummaryOfBusinessResults,Prior1QuarterInstant,0.146,201901111533
equity_ratio,2018-09-01,2018-11-30,jpcrp_cor:EquityToAssetRatioSummaryOfBusinessResults,CurrentQuarterInstant,0.172,201901111533
cost_of_sales,2017-09-01,2017-11-30,jppfs_cor:CostOfSales,Prior1YTDDuration,53983000000,201901111533
cost_of_sales,2018-09-01,2018-11-30,jppfs_cor:CostOfSales,CurrentYTDDuration,60768000000,201901111533
gross_profit,2017-09-01,2017-11-30,jppfs_cor:GrossProfit,Prior1YTDDuration,18143000000,201901111533
gross_profit,2018-09-01,2018-11-30,jppfs_cor:GrossProfit,CurrentYTDDuration,22088000000,201901111533
operating_income,2017-09-01,2017-11-30,jppfs_cor:OperatingIncome,Prior1YTDDuration,-55000000,201901111533
operating_income,2018-09-01,2018-11-30,jppfs_cor:OperatingIncome,CurrentYTDDuration,3012000000,201901111533
operating_income,2017-09-01,2017-11-30,jppfs_cor:OperatingIncome,Prior1YTDDuration,-55000000,201901111533
operating_income,2018-09-01,2018-11-30,jppfs_cor:OperatingIncome,CurrentYTDDuration,3012000000,201901111533
net_sales,2017-12-01,2018-02-28,jpcrp_cor:NetSalesSummaryOfBusinessResults,Prior1YTDDuration,109313000000,201904101533
net_sales,2018-12-01,2019-02-28,jpcrp_cor:NetSalesSummaryOfBusinessResults,CurrentYTDDuration,120781000000,201904101533
ordinary_income,2017-12-01,2018-02-28,jpcrp_cor:OrdinaryIncomeLossSummaryOfBusinessResults,Prior1YTDDuration,-268000000,201904101533
ordinary_income,2018-12-01,2019-02-28,jpcrp_cor:OrdinaryIncomeLossSummaryOfBusinessResults,CurrentYTDDuration,2422000000,201904101533
net_asset,2018-09-01,2018-11-28,jpcrp_cor:NetAssetsSummaryOfBusinessResults,Prior1QuarterInstant,12476000000,201904101533
net_asset,2018-12-01,2019-02-28,jpcrp_cor:NetAssetsSummaryOfBusinessResults,CurrentQuarterInstant,15662000000,201904101533
total_asset,2018-09-01,2018-11-28,jpcrp_cor:TotalAssetsSummaryOfBusinessResults,Prior1QuarterInstant,96308000000,201904101533
total_asset,2018-12-01,2019-02-28,jpcrp_cor:TotalAssetsSummaryOfBusinessResults,CurrentQuarterInstant,99107000000,201904101533
eps,2017-12-01,2018-02-28,jpcrp_cor:BasicEarningsLossPerShareSummaryOfBusinessResults,Prior1YTDDuration,-35.11,201904101533
eps,2018-12-01,2019-02-28,jpcrp_cor:BasicEarningsLossPerShareSummaryOfBusinessResults,CurrentYTDDuration,47.87,201904101533
eps,2018-09-01,2018-11-28,jpcrp_cor:BasicEarningsLossPerShareSummaryOfBusinessResults,Prior1QuarterDuration,-15.19,201904101533
eps,2018-12-01,2019-02-28,jpcrp_cor:BasicEarningsLossPerShareSummaryOfBusinessResults,CurrentQuarterDuration,-20.27,201904101533
equity_ratio,2018-09-01,2018-11-28,jpcrp_cor:EquityToAssetRatioSummaryOfBusinessResults,Prior1QuarterInstant,0.129,201904101533
equity_ratio,2018-12-01,2019-02-28,jpcrp_cor:EquityToAssetRatioSummaryOfBusinessResults,CurrentQuarterInstant,0.158,201904101533
cost_of_sales,2017-12-01,2018-02-28,jppfs_cor:CostOfSales,Prior1YTDDuration,82202000000,201904101533
cost_of_sales,2018-12-01,2019-02-28,jppfs_cor:CostOfSales,CurrentYTDDuration,89740000000,201904101533
gross_profit,2017-12-01,2018-02-28,jppfs_cor:GrossProfit,Prior1YTDDuration,27111000000,201904101533
gross_profit,2018-12-01,2019-02-28,jppfs_cor:GrossProfit,CurrentYTDDuration,31041000000,201904101533
operating_income,2017-12-01,2018-02-28,jppfs_cor:OperatingIncome,Prior1YTDDuration,278000000,201904101533
operating_income,2018-12-01,2019-02-28,jppfs_cor:OperatingIncome,CurrentYTDDuration,2686000000,201904101533
operating_income,2017-12-01,2018-02-28,jppfs_cor:OperatingIncome,Prior1YTDDuration,278000000,201904101533
operating_income,2018-12-01,2019-02-28,jppfs_cor:OperatingIncome,CurrentYTDDuration,2686000000,201904101533
net_sales,2014-06-01,2015-05-31,jpcrp_cor:NetSalesSummaryOfBusinessResults,Prior4YearDuration,149570000000,201908291533
net_sales,2015-06-01,2016-05-31,jpcrp_cor:NetSalesSummaryOfBusinessResults,Prior3YearDuration,138379000000,201908291533
net_sales,2016-06-01,2017-05-31,jpcrp_cor:NetSalesSummaryOfBusinessResults,Prior2YearDuration,157001000000,201908291533
net_sales,2018-06-01,2019-05-31,jpcrp_cor:NetSalesSummaryOfBusinessResults,CurrentYearDuration,186874000000,201908291533
ordinary_income,2014-06-01,2015-05-31,jpcrp_cor:OrdinaryIncomeLossSummaryOfBusinessResults,Prior4YearDuration,2016000000,201908291533
ordinary_income,2015-06-01,2016-05-31,jpcrp_cor:OrdinaryIncomeLossSummaryOfBusinessResults,Prior3YearDuration,1016000000,201908291533
ordinary_income,2016-06-01,2017-05-31,jpcrp_cor:OrdinaryIncomeLossSummaryOfBusinessResults,Prior2YearDuration,3475000000,201908291533
ordinary_income,2018-06-01,2019-05-31,jpcrp_cor:OrdinaryIncomeLossSummaryOfBusinessResults,CurrentYearDuration,6955000000,201908291533
net_income,2014-06-01,2015-05-31,jpcrp_cor:NetIncomeLossSummaryOfBusinessResults,Prior4YearDuration_NonConsolidatedMember,-484000000,201908291533
net_income,2015-06-01,2016-05-31,jpcrp_cor:NetIncomeLossSummaryOfBusinessResults,Prior3YearDuration_NonConsolidatedMember,-554000000,201908291533
net_income,2016-06-01,2017-05-31,jpcrp_cor:NetIncomeLossSummaryOfBusinessResults,Prior2YearDuration_NonConsolidatedMember,-15000000,201908291533
net_income,2017-06-01,2018-05-31,jpcrp_cor:NetIncomeLossSummaryOfBusinessResults,Prior1YearDuration_NonConsolidatedMember,1484000000,201908291533
net_income,2018-06-01,2019-05-31,jpcrp_cor:NetIncomeLossSummaryOfBusinessResults,CurrentYearDuration_NonConsolidatedMember,3263000000,201908291533
comprehensive_income,2014-06-01,2015-05-31,jpcrp_cor:NetIncomeLossSummaryOfBusinessResults,Prior4YearDuration_NonConsolidatedMember,-484000000,201908291533
comprehensive_income,2015-06-01,2016-05-31,jpcrp_cor:NetIncomeLossSummaryOfBusinessResults,Prior3YearDuration_NonConsolidatedMember,-554000000,201908291533
comprehensive_income,2016-06-01,2017-05-31,jpcrp_cor:NetIncomeLossSummaryOfBusinessResults,Prior2YearDuration_NonConsolidatedMember,-15000000,201908291533
comprehensive_income,2017-06-01,2018-05-31,jpcrp_cor:NetIncomeLossSummaryOfBusinessResults,Prior1YearDuration_NonConsolidatedMember,1484000000,201908291533
comprehensive_income,2018-06-01,2019-05-31,jpcrp_cor:NetIncomeLossSummaryOfBusinessResults,CurrentYearDuration_NonConsolidatedMember,3263000000,201908291533
net_asset,2014-06-01,2015-05-31,jpcrp_cor:NetAssetsSummaryOfBusinessResults,Prior4YearInstant,14393000000,201908291533
net_asset,2015-06-01,2016-05-31,jpcrp_cor:NetAssetsSummaryOfBusinessResults,Prior3YearInstant,13531000000,201908291533
net_asset,2016-06-01,2017-05-31,jpcrp_cor:NetAssetsSummaryOfBusinessResults,Prior2YearInstant,14088000000,201908291533
net_asset,2018-06-01,2019-05-31,jpcrp_cor:NetAssetsSummaryOfBusinessResults,CurrentYearInstant,18190000000,201908291533
total_asset,2014-06-01,2015-05-31,jpcrp_cor:TotalAssetsSummaryOfBusinessResults,Prior4YearInstant,87071000000,201908291533
total_asset,2015-06-01,2016-05-31,jpcrp_cor:TotalAssetsSummaryOfBusinessResults,Prior3YearInstant,83866000000,201908291533
total_asset,2016-06-01,2017-05-31,jpcrp_cor:TotalAssetsSummaryOfBusinessResults,Prior2YearInstant,83350000000,201908291533
total_asset,2018-06-01,2019-05-31,jpcrp_cor:TotalAssetsSummaryOfBusinessResults,CurrentYearInstant,89497000000,201908291533
bps,2014-06-01,2015-05-31,jpcrp_cor:NetAssetsPerShareSummaryOfBusinessResults,Prior4YearInstant,467.76,201908291533
bps,2015-06-01,2016-05-31,jpcrp_cor:NetAssetsPerShareSummaryOfBusinessResults,Prior3YearInstant,442.96,201908291533
bps,2016-06-01,2017-05-31,jpcrp_cor:NetAssetsPerShareSummaryOfBusinessResults,Prior2YearInstant,463.12,201908291533
bps,2017-06-01,2018-05-31,jpcrp_cor:NetAssetsPerShareSummaryOfBusinessResults,Prior1YearInstant,515.30,201908291533
bps,2018-06-01,2019-05-31,jpcrp_cor:NetAssetsPerShareSummaryOfBusinessResults,CurrentYearInstant,603.47,201908291533
eps,2014-06-01,2015-05-31,jpcrp_cor:BasicEarningsLossPerShareSummaryOfBusinessResults,Prior4YearDuration,-21.34,201908291533
eps,2015-06-01,2016-05-31,jpcrp_cor:BasicEarningsLossPerShareSummaryOfBusinessResults,Prior3YearDuration,-14.84,201908291533
eps,2016-06-01,2017-05-31,jpcrp_cor:BasicEarningsLossPerShareSummaryOfBusinessResults,Prior2YearDuration,30.00,201908291533
eps,2018-06-01,2019-05-31,jpcrp_cor:BasicEarningsLossPerShareSummaryOfBusinessResults,CurrentYearDuration,130.89,201908291533
equity_ratio,2014-06-01,2015-05-31,jpcrp_cor:EquityToAssetRatioSummaryOfBusinessResults,Prior4YearInstant,0.161,201908291533
equity_ratio,2015-06-01,2016-05-31,jpcrp_cor:EquityToAssetRatioSummaryOfBusinessResults,Prior3YearInstant,0.159,201908291533
equity_ratio,2016-06-01,2017-05-31,jpcrp_cor:EquityToAssetRatioSummaryOfBusinessResults,Prior2YearInstant,0.167,201908291533
equity_ratio,2018-06-01,2019-05-31,jpcrp_cor:EquityToAssetRatioSummaryOfBusinessResults,CurrentYearInstant,0.203,201908291533
roe,2014-06-01,2015-05-31,jpcrp_cor:RateOfReturnOnEquitySummaryOfBusinessResults,Prior4YearDuration,-0.044,201908291533
roe,2015-06-01,2016-05-31,jpcrp_cor:RateOfReturnOnEquitySummaryOfBusinessResults,Prior3YearDuration,-0.033,201908291533
roe,2016-06-01,2017-05-31,jpcrp_cor:RateOfReturnOnEquitySummaryOfBusinessResults,Prior2YearDuration,0.066,201908291533
roe,2017-06-01,2018-05-31,jpcrp_cor:RateOfReturnOnEquitySummaryOfBusinessResults,Prior1YearDuration,0.139,201908291533
roe,2018-06-01,2019-05-31,jpcrp_cor:RateOfReturnOnEquitySummaryOfBusinessResults,CurrentYearDuration,0.234,201908291533
number_of_employee,2014-06-01,2015-05-31,jpcrp_cor:NumberOfEmployees,Prior4YearInstant,3015,201908291533
number_of_employee,2015-06-01,2016-05-31,jpcrp_cor:NumberOfEmployees,Prior3YearInstant,2966,201908291533
number_of_employee,2016-06-01,2017-05-31,jpcrp_cor:NumberOfEmployees,Prior2YearInstant,3196,201908291533
number_of_employee,2017-06-01,2018-05-31,jpcrp_cor:NumberOfEmployees,Prior1YearInstant,3408,201908291533
number_of_employee,2018-06-01,2019-05-31,jpcrp_cor:NumberOfEmployees,CurrentYearInstant,3538,201908291533
number_of_employee,2018-06-01,2019-05-31,jpcrp_cor:NumberOfEmployees,CurrentYearInstant,3538,201908291533
cost_of_sales,2017-06-01,2018-05-31,jppfs_cor:CostOfSales,Prior1YearDuration,126701000000,201908291533
cost_of_sales,2018-06-01,2019-05-31,jppfs_cor:CostOfSales,CurrentYearDuration,140873000000,201908291533
gross_profit,2017-06-01,2018-05-31,jppfs_cor:GrossProfit,Prior1YearDuration,41214000000,201908291533
gross_profit,2018-06-01,2019-05-31,jppfs_cor:GrossProfit,CurrentYearDuration,46000000000,201908291533
operating_income,2017-06-01,2018-05-31,jppfs_cor:OperatingIncome,Prior1YearDuration,4653000000,201908291533
operating_income,2018-06-01,2019-05-31,jppfs_cor:OperatingIncome,CurrentYearDuration,7366000000,201908291533
operating_income,2017-06-01,2018-05-31,jppfs_cor:OperatingIncome,Prior1YearDuration,4653000000,201908291533
operating_income,2018-06-01,2019-05-31,jppfs_cor:OperatingIncome,CurrentYearDuration,7366000000,201908291533
net_sales,2018-06-01,2018-08-31,jpcrp_cor:NetSalesSummaryOfBusinessResults,Prior1YTDDuration,30034000000,201910101535
net_sales,2019-06-01,2019-08-31,jpcrp_cor:NetSalesSummaryOfBusinessResults,CurrentYTDDuration,45234000000,201910101535
net_sales,2018-06-01,2018-08-31,jpcrp_cor:NetSalesSummaryOfBusinessResults,Prior1YearDuration,186874000000,201910101535
ordinary_income,2018-06-01,2018-08-31,jpcrp_cor:OrdinaryIncomeLossSummaryOfBusinessResults,Prior1YTDDuration,-1787000000,201910101535
ordinary_income,2019-06-01,2019-08-31,jpcrp_cor:OrdinaryIncomeLossSummaryOfBusinessResults,CurrentYTDDuration,2033000000,201910101535
ordinary_income,2018-06-01,2018-08-31,jpcrp_cor:OrdinaryIncomeLossSummaryOfBusinessResults,Prior1YearDuration,6955000000,201910101535
net_asset,2019-03-01,2019-05-31,jpcrp_cor:NetAssetsSummaryOfBusinessResults,Prior1QuarterInstant,13576000000,201910101535
net_asset,2019-06-01,2019-08-31,jpcrp_cor:NetAssetsSummaryOfBusinessResults,CurrentQuarterInstant,17605000000,201910101535
net_asset,2018-06-01,2018-08-31,jpcrp_cor:NetAssetsSummaryOfBusinessResults,Prior1YearInstant,18190000000,201910101535
total_asset,2019-03-01,2019-05-31,jpcrp_cor:TotalAssetsSummaryOfBusinessResults,Prior1QuarterInstant,91285000000,201910101535
total_asset,2019-06-01,2019-08-31,jpcrp_cor:TotalAssetsSummaryOfBusinessResults,CurrentQuarterInstant,92846000000,201910101535
total_asset,2018-06-01,2018-08-31,jpcrp_cor:TotalAssetsSummaryOfBusinessResults,Prior1YearInstant,89497000000,201910101535
eps,2018-06-01,2018-08-31,jpcrp_cor:BasicEarningsLossPerShareSummaryOfBusinessResults,Prior1YTDDuration,-35.35,201910101535
eps,2019-06-01,2019-08-31,jpcrp_cor:BasicEarningsLossPerShareSummaryOfBusinessResults,CurrentYTDDuration,45.28,201910101535
eps,2018-06-01,2018-08-31,jpcrp_cor:BasicEarningsLossPerShareSummaryOfBusinessResults,Prior1YearDuration,130.89,201910101535
equity_ratio,2019-03-01,2019-05-31,jpcrp_cor:EquityToAssetRatioSummaryOfBusinessResults,Prior1QuarterInstant,0.148,201910101535
equity_ratio,2019-06-01,2019-08-31,jpcrp_cor:EquityToAssetRatioSummaryOfBusinessResults,CurrentQuarterInstant,0.189,201910101535
equity_ratio,2018-06-01,2018-08-31,jpcrp_cor:EquityToAssetRatioSummaryOfBusinessResults,Prior1YearInstant,0.203,201910101535
cost_of_sales,2018-06-01,2018-08-31,jppfs_cor:CostOfSales,Prior1YTDDuration,22754000000,201910101535
cost_of_sales,2019-06-01,2019-08-31,jppfs_cor:CostOfSales,CurrentYTDDuration,33449000000,201910101535
gross_profit,2018-06-01,2018-08-31,jppfs_cor:GrossProfit,Prior1YTDDuration,7280000000,201910101535
gross_profit,2019-06-01,2019-08-31,jppfs_cor:GrossProfit,CurrentYTDDuration,11785000000,201910101535
operating_income,2018-06-01,2018-08-31,jppfs_cor:OperatingIncome,Prior1YTDDuration,-1756000000,201910101535
operating_income,2019-06-01,2019-08-31,jppfs_cor:OperatingIncome,CurrentYTDDuration,2119000000,201910101535
operating_income,2018-06-01,2018-08-31,jppfs_cor:OperatingIncome,Prior1YTDDuration,-1756000000,201910101535
operating_income,2019-06-01,2019-08-31,jppfs_cor:OperatingIncome,CurrentYTDDuration,2119000000,201910101535
net_sales,2018-09-01,2018-11-30,jpcrp_cor:NetSalesSummaryOfBusinessResults,Prior1YTDDuration,82856000000,202001141544
net_sales,2019-09-01,2019-11-30,jpcrp_cor:NetSalesSummaryOfBusinessResults,CurrentYTDDuration,99263000000,202001141544
ordinary_income,2018-09-01,2018-11-30,jpcrp_cor:OrdinaryIncomeLossSummaryOfBusinessResults,Prior1YTDDuration,3058000000,202001141544
ordinary_income,2019-09-01,2019-11-30,jpcrp_cor:OrdinaryIncomeLossSummaryOfBusinessResults,CurrentYTDDuration,3988000000,202001141544
net_asset,2019-06-01,2019-08-30,jpcrp_cor:NetAssetsSummaryOfBusinessResults,Prior1QuarterInstant,16605000000,202001141544
net_asset,2019-09-01,2019-11-30,jpcrp_cor:NetAssetsSummaryOfBusinessResults,CurrentQuarterInstant,18501000000,202001141544
total_asset,2019-06-01,2019-08-30,jpcrp_cor:TotalAssetsSummaryOfBusinessResults,Prior1QuarterInstant,96553000000,202001141544
total_asset,2019-09-01,2019-11-30,jpcrp_cor:TotalAssetsSummaryOfBusinessResults,CurrentQuarterInstant,98391000000,202001141544
eps,2018-09-01,2018-11-30,jpcrp_cor:BasicEarningsLossPerShareSummaryOfBusinessResults,Prior1YTDDuration,68.14,202001141544
eps,2019-09-01,2019-11-30,jpcrp_cor:BasicEarningsLossPerShareSummaryOfBusinessResults,CurrentYTDDuration,84.50,202001141544
eps,2019-06-01,2019-08-30,jpcrp_cor:BasicEarningsLossPerShareSummaryOfBusinessResults,Prior1QuarterDuration,103.49,202001141544
eps,2019-09-01,2019-11-30,jpcrp_cor:BasicEarningsLossPerShareSummaryOfBusinessResults,CurrentQuarterDuration,39.22,202001141544
equity_ratio,2019-06-01,2019-08-30,jpcrp_cor:EquityToAssetRatioSummaryOfBusinessResults,Prior1QuarterInstant,0.172,202001141544
equity_ratio,2019-09-01,2019-11-30,jpcrp_cor:EquityToAssetRatioSummaryOfBusinessResults,CurrentQuarterInstant,0.187,202001141544
cost_of_sales,2018-09-01,2018-11-30,jppfs_cor:CostOfSales,Prior1YTDDuration,60768000000,202001141544
cost_of_sales,2019-09-01,2019-11-30,jppfs_cor:CostOfSales,CurrentYTDDuration,75017000000,202001141544
gross_profit,2018-09-01,2018-11-30,jppfs_cor:GrossProfit,Prior1YTDDuration,22088000000,202001141544
gross_profit,2019-09-01,2019-11-30,jppfs_cor:GrossProfit,CurrentYTDDuration,24246000000,202001141544
operating_income,2018-09-01,2018-11-30,jppfs_cor:OperatingIncome,Prior1YTDDuration,3012000000,202001141544
operating_income,2019-09-01,2019-11-30,jppfs_cor:OperatingIncome,CurrentYTDDuration,4113000000,202001141544
operating_income,2018-09-01,2018-11-30,jppfs_cor:OperatingIncome,Prior1YTDDuration,3012000000,202001141544
operating_income,2019-09-01,2019-11-30,jppfs_cor:OperatingIncome,CurrentYTDDuration,4113000000,202001141544
net_sales,2018-12-01,2019-02-28,jpcrp_cor:NetSalesSummaryOfBusinessResults,Prior1YTDDuration,120781000000,202004141538
net_sales,2019-12-01,2020-02-29,jpcrp_cor:NetSalesSummaryOfBusinessResults,CurrentYTDDuration,144271000000,202004141538
ordinary_income,2018-12-01,2019-02-28,jpcrp_cor:OrdinaryIncomeLossSummaryOfBusinessResults,Prior1YTDDuration,2422000000,202004141538
ordinary_income,2019-12-01,2020-02-29,jpcrp_cor:OrdinaryIncomeLossSummaryOfBusinessResults,CurrentYTDDuration,5356000000,202004141538
net_asset,2019-09-01,2019-11-29,jpcrp_cor:NetAssetsSummaryOfBusinessResults,Prior1QuarterInstant,15662000000,202004141538
net_asset,2019-12-01,2020-02-29,jpcrp_cor:NetAssetsSummaryOfBusinessResults,CurrentQuarterInstant,19499000000,202004141538
total_asset,2019-09-01,2019-11-29,jpcrp_cor:TotalAssetsSummaryOfBusinessResults,Prior1QuarterInstant,99107000000,202004141538
total_asset,2019-12-01,2020-02-29,jpcrp_cor:TotalAssetsSummaryOfBusinessResults,CurrentQuarterInstant,100982000000,202004141538
eps,2018-12-01,2019-02-28,jpcrp_cor:BasicEarningsLossPerShareSummaryOfBusinessResults,Prior1YTDDuration,47.87,202004141538
eps,2019-12-01,2020-02-29,jpcrp_cor:BasicEarningsLossPerShareSummaryOfBusinessResults,CurrentYTDDuration,117.03,202004141538
eps,2019-09-01,2019-11-29,jpcrp_cor:BasicEarningsLossPerShareSummaryOfBusinessResults,Prior1QuarterDuration,-20.27,202004141538
eps,2019-12-01,2020-02-29,jpcrp_cor:BasicEarningsLossPerShareSummaryOfBusinessResults,CurrentQuarterDuration,32.53,202004141538
equity_ratio,2019-12-01,2020-02-29,jpcrp_cor:EquityToAssetRatioSummaryOfBusinessResults,CurrentQuarterInstant,0.193,202004141538
cost_of_sales,2018-12-01,2019-02-28,jppfs_cor:CostOfSales,Prior1YTDDuration,89740000000,202004141538
cost_of_sales,2019-12-01,2020-02-29,jppfs_cor:CostOfSales,CurrentYTDDuration,109437000000,202004141538
gross_profit,2018-12-01,2019-02-28,jppfs_cor:GrossProfit,Prior1YTDDuration,31041000000,202004141538
gross_profit,2019-12-01,2020-02-29,jppfs_cor:GrossProfit,CurrentYTDDuration,34834000000,202004141538
operating_income,2018-12-01,2019-02-28,jppfs_cor:OperatingIncome,Prior1YTDDuration,2686000000,202004141538
operating_income,2019-12-01,2020-02-29,jppfs_cor:OperatingIncome,CurrentYTDDuration,5558000000,202004141538
operating_income,2018-12-01,2019-02-28,jppfs_cor:OperatingIncome,Prior1YTDDuration,2686000000,202004141538
operating_income,2019-12-01,2020-02-29,jppfs_cor:OperatingIncome,CurrentYTDDuration,5558000000,202004141538
net_sales,2015-06-01,2016-05-31,jpcrp_cor:NetSalesSummaryOfBusinessResults,Prior4YearDuration,138379000000,202008271502
net_sales,2016-06-01,2017-05-31,jpcrp_cor:NetSalesSummaryOfBusinessResults,Prior3YearDuration,157001000000,202008271502
net_sales,2017-06-01,2018-05-31,jpcrp_cor:NetSalesSummaryOfBusinessResults,Prior2YearDuration,167915000000,202008271502
net_sales,2019-06-01,2020-05-31,jpcrp_cor:NetSalesSummaryOfBusinessResults,CurrentYearDuration,209207000000,202008271502
ordinary_income,2015-06-01,2016-05-31,jpcrp_cor:OrdinaryIncomeLossSummaryOfBusinessResults,Prior4YearDuration,1016000000,202008271502
ordinary_income,2016-06-01,2017-05-31,jpcrp_cor:OrdinaryIncomeLossSummaryOfBusinessResults,Prior3YearDuration,3475000000,202008271502
ordinary_income,2017-06-01,2018-05-31,jpcrp_cor:OrdinaryIncomeLossSummaryOfBusinessResults,Prior2YearDuration,4029000000,202008271502
ordinary_income,2019-06-01,2020-05-31,jpcrp_cor:OrdinaryIncomeLossSummaryOfBusinessResults,CurrentYearDuration,9754000000,202008271502
net_income,2015-06-01,2016-05-31,jpcrp_cor:NetIncomeLossSummaryOfBusinessResults,Prior4YearDuration_NonConsolidatedMember,-554000000,202008271502
net_income,2016-06-01,2017-05-31,jpcrp_cor:NetIncomeLossSummaryOfBusinessResults,Prior3YearDuration_NonConsolidatedMember,-15000000,202008271502
net_income,2017-06-01,2018-05-31,jpcrp_cor:NetIncomeLossSummaryOfBusinessResults,Prior2YearDuration_NonConsolidatedMember,1484000000,202008271502
net_income,2018-06-01,2019-05-31,jpcrp_cor:NetIncomeLossSummaryOfBusinessResults,Prior1YearDuration_NonConsolidatedMember,3263000000,202008271502
net_income,2019-06-01,2020-05-31,jpcrp_cor:NetIncomeLossSummaryOfBusinessResults,CurrentYearDuration_NonConsolidatedMember,4286000000,202008271502
comprehensive_income,2015-06-01,2016-05-31,jpcrp_cor:NetIncomeLossSummaryOfBusinessResults,Prior4YearDuration_NonConsolidatedMember,-554000000,202008271502
comprehensive_income,2016-06-01,2017-05-31,jpcrp_cor:NetIncomeLossSummaryOfBusinessResults,Prior3YearDuration_NonConsolidatedMember,-15000000,202008271502
comprehensive_income,2017-06-01,2018-05-31,jpcrp_cor:NetIncomeLossSummaryOfBusinessResults,Prior2YearDuration_NonConsolidatedMember,1484000000,202008271502
comprehensive_income,2018-06-01,2019-05-31,jpcrp_cor:NetIncomeLossSummaryOfBusinessResults,Prior1YearDuration_NonConsolidatedMember,3263000000,202008271502
comprehensive_income,2019-06-01,2020-05-31,jpcrp_cor:NetIncomeLossSummaryOfBusinessResults,CurrentYearDuration_NonConsolidatedMember,4286000000,202008271502
net_asset,2015-06-01,2016-05-31,jpcrp_cor:NetAssetsSummaryOfBusinessResults,Prior4YearInstant,13531000000,202008271502
net_asset,2016-06-01,2017-05-31,jpcrp_cor:NetAssetsSummaryOfBusinessResults,Prior3YearInstant,14088000000,202008271502
net_asset,2017-06-01,2018-05-31,jpcrp_cor:NetAssetsSummaryOfBusinessResults,Prior2YearInstant,15513000000,202008271502
net_asset,2019-06-01,2020-05-31,jpcrp_cor:NetAssetsSummaryOfBusinessResults,CurrentYearInstant,21232000000,202008271502
total_asset,2015-06-01,2016-05-31,jpcrp_cor:TotalAssetsSummaryOfBusinessResults,Prior4YearInstant,83866000000,202008271502
total_asset,2016-06-01,2017-05-31,jpcrp_cor:TotalAssetsSummaryOfBusinessResults,Prior3YearInstant,83350000000,202008271502
total_asset,2017-06-01,2018-05-31,jpcrp_cor:TotalAssetsSummaryOfBusinessResults,Prior2YearInstant,90767000000,202008271502
total_asset,2019-06-01,2020-05-31,jpcrp_cor:TotalAssetsSummaryOfBusinessResults,CurrentYearInstant,101713000000,202008271502
bps,2015-06-01,2016-05-31,jpcrp_cor:NetAssetsPerShareSummaryOfBusinessResults,Prior4YearInstant,442.96,202008271502
bps,2016-06-01,2017-05-31,jpcrp_cor:NetAssetsPerShareSummaryOfBusinessResults,Prior3YearInstant,463.12,202008271502
bps,2017-06-01,2018-05-31,jpcrp_cor:NetAssetsPerShareSummaryOfBusinessResults,Prior2YearInstant,515.30,202008271502
bps,2018-06-01,2019-05-31,jpcrp_cor:NetAssetsPerShareSummaryOfBusinessResults,Prior1YearInstant,603.47,202008271502
bps,2019-06-01,2020-05-31,jpcrp_cor:NetAssetsPerShareSummaryOfBusinessResults,CurrentYearInstant,718.95,202008271502
eps,2015-06-01,2016-05-31,jpcrp_cor:BasicEarningsLossPerShareSummaryOfBusinessResults,Prior4YearDuration,-14.84,202008271502
eps,2016-06-01,2017-05-31,jpcrp_cor:BasicEarningsLossPerShareSummaryOfBusinessResults,Prior3YearDuration,30.00,202008271502
eps,2017-06-01,2018-05-31,jpcrp_cor:BasicEarningsLossPerShareSummaryOfBusinessResults,Prior2YearDuration,68.12,202008271502
eps,2019-06-01,2020-05-31,jpcrp_cor:BasicEarningsLossPerShareSummaryOfBusinessResults,CurrentYearDuration,172.76,202008271502
equity_ratio,2015-06-01,2016-05-31,jpcrp_cor:EquityToAssetRatioSummaryOfBusinessResults,Prior4YearInstant,0.159,202008271502
equity_ratio,2016-06-01,2017-05-31,jpcrp_cor:EquityToAssetRatioSummaryOfBusinessResults,Prior3YearInstant,0.167,202008271502
equity_ratio,2017-06-01,2018-05-31,jpcrp_cor:EquityToAssetRatioSummaryOfBusinessResults,Prior2YearInstant,0.171,202008271502
equity_ratio,2019-06-01,2020-05-31,jpcrp_cor:EquityToAssetRatioSummaryOfBusinessResults,CurrentYearInstant,0.208,202008271502
roe,2015-06-01,2016-05-31,jpcrp_cor:RateOfReturnOnEquitySummaryOfBusinessResults,Prior4YearDuration,-0.033,202008271502
roe,2016-06-01,2017-05-31,jpcrp_cor:RateOfReturnOnEquitySummaryOfBusinessResults,Prior3YearDuration,0.066,202008271502
roe,2017-06-01,2018-05-31,jpcrp_cor:RateOfReturnOnEquitySummaryOfBusinessResults,Prior2YearDuration,0.139,202008271502
roe,2018-06-01,2019-05-31,jpcrp_cor:RateOfReturnOnEquitySummaryOfBusinessResults,Prior1YearDuration,0.234,202008271502
roe,2019-06-01,2020-05-31,jpcrp_cor:RateOfReturnOnEquitySummaryOfBusinessResults,CurrentYearDuration,0.260,202008271502
number_of_employee,2015-06-01,2016-05-31,jpcrp_cor:NumberOfEmployees,Prior4YearInstant,2966,202008271502
number_of_employee,2016-06-01,2017-05-31,jpcrp_cor:NumberOfEmployees,Prior3YearInstant,3196,202008271502
number_of_employee,2017-06-01,2018-05-31,jpcrp_cor:NumberOfEmployees,Prior2YearInstant,3408,202008271502
number_of_employee,2018-06-01,2019-05-31,jpcrp_cor:NumberOfEmployees,Prior1YearInstant,3538,202008271502
number_of_employee,2019-06-01,2020-05-31,jpcrp_cor:NumberOfEmployees,CurrentYearInstant,3610,202008271502
number_of_employee,2019-06-01,2020-05-31,jpcrp_cor:NumberOfEmployees,CurrentYearInstant,3610,202008271502
number_of_shares,2019-06-01,2020-05-31,jpcrp_cor:TotalNumberOfIssuedSharesSummaryOfBusinessResults,CurrentYearInstant_NonConsolidatedMember,29455800,202008271502
cost_of_sales,2018-06-01,2019-05-31,jppfs_cor:CostOfSales,Prior1YearDuration,140873000000,202008271502
cost_of_sales,2019-06-01,2020-05-31,jppfs_cor:CostOfSales,CurrentYearDuration,159269000000,202008271502
gross_profit,2018-06-01,2019-05-31,jppfs_cor:GrossProfit,Prior1YearDuration,46000000000,202008271502
gross_profit,2019-06-01,2020-05-31,jppfs_cor:GrossProfit,CurrentYearDuration,49937000000,202008271502
operating_income,2018-06-01,2019-05-31,jppfs_cor:OperatingIncome,Prior1YearDuration,7366000000,202008271502
operating_income,2019-06-01,2020-05-31,jppfs_cor:OperatingIncome,CurrentYearDuration,9873000000,202008271502
operating_income,2018-06-01,2019-05-31,jppfs_cor:OperatingIncome,Prior1YearDuration,7366000000,202008271502
operating_income,2019-06-01,2020-05-31,jppfs_cor:OperatingIncome,CurrentYearDuration,9873000000,202008271502
net_sales,2019-06-01,2019-08-31,jpcrp_cor:NetSalesSummaryOfBusinessResults,Prior1YTDDuration,45234000000,202010121507
net_sales,2020-06-01,2020-08-31,jpcrp_cor:NetSalesSummaryOfBusinessResults,CurrentYTDDuration,44230000000,202010121507
net_sales,2019-06-01,2019-08-31,jpcrp_cor:NetSalesSummaryOfBusinessResults,Prior1YearDuration,209207000000,202010121507
ordinary_income,2019-06-01,2019-08-31,jpcrp_cor:OrdinaryIncomeLossSummaryOfBusinessResults,Prior1YTDDuration,2033000000,202010121507
ordinary_income,2020-06-01,2020-08-31,jpcrp_cor:OrdinaryIncomeLossSummaryOfBusinessResults,CurrentYTDDuration,1298000000,202010121507
ordinary_income,2019-06-01,2019-08-31,jpcrp_cor:OrdinaryIncomeLossSummaryOfBusinessResults,Prior1YearDuration,9754000000,202010121507
net_asset,2020-03-01,2020-05-31,jpcrp_cor:NetAssetsSummaryOfBusinessResults,Prior1QuarterInstant,17605000000,202010121507
net_asset,2020-06-01,2020-08-31,jpcrp_cor:NetAssetsSummaryOfBusinessResults,CurrentQuarterInstant,20395000000,202010121507
net_asset,2019-06-01,2019-08-31,jpcrp_cor:NetAssetsSummaryOfBusinessResults,Prior1YearInstant,21232000000,202010121507
total_asset,2020-03-01,2020-05-31,jpcrp_cor:TotalAssetsSummaryOfBusinessResults,Prior1QuarterInstant,92846000000,202010121507
total_asset,2020-06-01,2020-08-31,jpcrp_cor:TotalAssetsSummaryOfBusinessResults,CurrentQuarterInstant,99217000000,202010121507
total_asset,2019-06-01,2019-08-31,jpcrp_cor:TotalAssetsSummaryOfBusinessResults,Prior1YearInstant,101713000000,202010121507
eps,2019-06-01,2019-08-31,jpcrp_cor:BasicEarningsLossPerShareSummaryOfBusinessResults,Prior1YTDDuration,45.28,202010121507
eps,2020-06-01,2020-08-31,jpcrp_cor:BasicEarningsLossPerShareSummaryOfBusinessResults,CurrentYTDDuration,43.52,202010121507
eps,2019-06-01,2019-08-31,jpcrp_cor:BasicEarningsLossPerShareSummaryOfBusinessResults,Prior1YearDuration,172.76,202010121507
equity_ratio,2020-03-01,2020-05-31,jpcrp_cor:EquityToAssetRatioSummaryOfBusinessResults,Prior1QuarterInstant,0.189,202010121507
equity_ratio,2020-06-01,2020-08-31,jpcrp_cor:EquityToAssetRatioSummaryOfBusinessResults,CurrentQuarterInstant,0.205,202010121507
equity_ratio,2019-06-01,2019-08-31,jpcrp_cor:EquityToAssetRatioSummaryOfBusinessResults,Prior1YearInstant,0.208,202010121507
cost_of_sales,2019-06-01,2019-08-31,jppfs_cor:CostOfSales,Prior1YTDDuration,33449000000,202010121507
cost_of_sales,2020-06-01,2020-08-31,jppfs_cor:CostOfSales,CurrentYTDDuration,33666000000,202010121507
gross_profit,2019-06-01,2019-08-31,jppfs_cor:GrossProfit,Prior1YTDDuration,11785000000,202010121507
gross_profit,2020-06-01,2020-08-31,jppfs_cor:GrossProfit,CurrentYTDDuration,10563000000,202010121507
operating_income,2019-06-01,2019-08-31,jppfs_cor:OperatingIncome,Prior1YTDDuration,2119000000,202010121507
operating_income,2020-06-01,2020-08-31,jppfs_cor:OperatingIncome,CurrentYTDDuration,1335000000,202010121507
operating_income,2019-06-01,2019-08-31,jppfs_cor:OperatingIncome,Prior1YTDDuration,2119000000,202010121507
operating_income,2020-06-01,2020-08-31,jppfs_cor:OperatingIncome,CurrentYTDDuration,1335000000,202010121507
net_sales,2019-09-01,2019-11-30,jpcrp_cor:NetSalesSummaryOfBusinessResults,Prior1YTDDuration,99263000000,202101141505
net_sales,2020-09-01,2020-11-30,jpcrp_cor:NetSalesSummaryOfBusinessResults,CurrentYTDDuration,98634000000,202101141505
ordinary_income,2019-09-01,2019-11-30,jpcrp_cor:OrdinaryIncomeLossSummaryOfBusinessResults,Prior1YTDDuration,3988000000,202101141505
ordinary_income,2020-09-01,2020-11-30,jpcrp_cor:OrdinaryIncomeLossSummaryOfBusinessResults,CurrentYTDDuration,4206000000,202101141505
net_asset,2020-06-01,2020-08-30,jpcrp_cor:NetAssetsSummaryOfBusinessResults,Prior1QuarterInstant,18501000000,202101141505
net_asset,2020-09-01,2020-11-30,jpcrp_cor:NetAssetsSummaryOfBusinessResults,CurrentQuarterInstant,22243000000,202101141505
total_asset,2020-06-01,2020-08-30,jpcrp_cor:TotalAssetsSummaryOfBusinessResults,Prior1QuarterInstant,98391000000,202101141505
total_asset,2020-09-01,2020-11-30,jpcrp_cor:TotalAssetsSummaryOfBusinessResults,CurrentQuarterInstant,103763000000,202101141505
eps,2019-09-01,2019-11-30,jpcrp_cor:BasicEarningsLossPerShareSummaryOfBusinessResults,Prior1YTDDuration,84.50,202101141505
eps,2020-09-01,2020-11-30,jpcrp_cor:BasicEarningsLossPerShareSummaryOfBusinessResults,CurrentYTDDuration,106.85,202101141505
eps,2020-06-01,2020-08-30,jpcrp_cor:BasicEarningsLossPerShareSummaryOfBusinessResults,Prior1QuarterDuration,39.22,202101141505
eps,2020-09-01,2020-11-30,jpcrp_cor:BasicEarningsLossPerShareSummaryOfBusinessResults,CurrentQuarterDuration,63.33,202101141505
equity_ratio,2020-06-01,2020-08-30,jpcrp_cor:EquityToAssetRatioSummaryOfBusinessResults,Prior1QuarterInstant,0.187,202101141505
equity_ratio,2020-09-01,2020-11-30,jpcrp_cor:EquityToAssetRatioSummaryOfBusinessResults,CurrentQuarterInstant,0.214,202101141505
cost_of_sales,2019-09-01,2019-11-30,jppfs_cor:CostOfSales,Prior1YTDDuration,75017000000,202101141505
cost_of_sales,2020-09-01,2020-11-30,jppfs_cor:CostOfSales,CurrentYTDDuration,74890000000,202101141505
gross_profit,2019-09-01,2019-11-30,jppfs_cor:GrossProfit,Prior1YTDDuration,24246000000,202101141505
gross_profit,2020-09-01,2020-11-30,jppfs_cor:GrossProfit,CurrentYTDDuration,23743000000,202101141505
operating_income,2019-09-01,2019-11-30,jppfs_cor:OperatingIncome,Prior1YTDDuration,4113000000,202101141505
operating_income,2020-09-01,2020-11-30,jppfs_cor:OperatingIncome,CurrentYTDDuration,4237000000,202101141505
operating_income,2019-09-01,2019-11-30,jppfs_cor:OperatingIncome,Prior1YTDDuration,4113000000,202101141505
operating_income,2020-09-01,2020-11-30,jppfs_cor:OperatingIncome,CurrentYTDDuration,4237000000,202101141505
net_sales,2019-12-01,2020-02-28,jpcrp_cor:NetSalesSummaryOfBusinessResults,Prior1YTDDuration,144271000000,202104121505
net_sales,2020-12-01,2021-02-28,jpcrp_cor:NetSalesSummaryOfBusinessResults,CurrentYTDDuration,145495000000,202104121505
ordinary_income,2019-12-01,2020-02-28,jpcrp_cor:OrdinaryIncomeLossSummaryOfBusinessResults,Prior1YTDDuration,5356000000,202104121505
ordinary_income,2020-12-01,2021-02-28,jpcrp_cor:OrdinaryIncomeLossSummaryOfBusinessResults,CurrentYTDDuration,6067000000,202104121505
net_asset,2020-09-01,2020-11-28,jpcrp_cor:NetAssetsSummaryOfBusinessResults,Prior1QuarterInstant,19499000000,202104121505
net_asset,2020-12-01,2021-02-28,jpcrp_cor:NetAssetsSummaryOfBusinessResults,CurrentQuarterInstant,23404000000,202104121505
total_asset,2020-09-01,2020-11-28,jpcrp_cor:TotalAssetsSummaryOfBusinessResults,Prior1QuarterInstant,100982000000,202104121505
total_asset,2020-12-01,2021-02-28,jpcrp_cor:TotalAssetsSummaryOfBusinessResults,CurrentQuarterInstant,110194000000,202104121505
eps,2019-12-01,2020-02-28,jpcrp_cor:BasicEarningsLossPerShareSummaryOfBusinessResults,Prior1YTDDuration,117.03,202104121505
eps,2020-12-01,2021-02-28,jpcrp_cor:BasicEarningsLossPerShareSummaryOfBusinessResults,CurrentYTDDuration,147.59,202104121505
eps,2020-09-01,2020-11-28,jpcrp_cor:BasicEarningsLossPerShareSummaryOfBusinessResults,Prior1QuarterDuration,32.53,202104121505
eps,2020-12-01,2021-02-28,jpcrp_cor:BasicEarningsLossPerShareSummaryOfBusinessResults,CurrentQuarterDuration,40.74,202104121505
equity_ratio,2020-09-01,2020-11-28,jpcrp_cor:EquityToAssetRatioSummaryOfBusinessResults,Prior1QuarterInstant,0.193,202104121505
equity_ratio,2020-12-01,2021-02-28,jpcrp_cor:EquityToAssetRatioSummaryOfBusinessResults,CurrentQuarterInstant,0.212,202104121505
cost_of_sales,2019-12-01,2020-02-28,jppfs_cor:CostOfSales,Prior1YTDDuration,109437000000,202104121505
cost_of_sales,2020-12-01,2021-02-28,jppfs_cor:CostOfSales,CurrentYTDDuration,110360000000,202104121505
gross_profit,2019-12-01,2020-02-28,jppfs_cor:GrossProfit,Prior1YTDDuration,34834000000,202104121505
gross_profit,2020-12-01,2021-02-28,jppfs_cor:GrossProfit,CurrentYTDDuration,35135000000,202104121505
operating_income,2019-12-01,2020-02-28,jppfs_cor:OperatingIncome,Prior1YTDDuration,5558000000,202104121505
operating_income,2020-12-01,2021-02-28,jppfs_cor:OperatingIncome,CurrentYTDDuration,6064000000,202104121505
operating_income,2019-12-01,2020-02-28,jppfs_cor:OperatingIncome,Prior1YTDDuration,5558000000,202104121505
operating_income,2020-12-01,2021-02-28,jppfs_cor:OperatingIncome,CurrentYTDDuration,6064000000,202104121505
net_sales,2016-06-01,2017-05-31,jpcrp_cor:NetSalesSummaryOfBusinessResults,Prior4YearDuration,157001000000,202108261506
net_sales,2017-06-01,2018-05-31,jpcrp_cor:NetSalesSummaryOfBusinessResults,Prior3YearDuration,167915000000,202108261506
net_sales,2018-06-01,2019-05-31,jpcrp_cor:NetSalesSummaryOfBusinessResults,Prior2YearDuration,186874000000,202108261506
net_sales,2020-06-01,2021-05-31,jpcrp_cor:NetSalesSummaryOfBusinessResults,CurrentYearDuration,218092000000,202108261506
ordinary_income,2016-06-01,2017-05-31,jpcrp_cor:OrdinaryIncomeLossSummaryOfBusinessResults,Prior4YearDuration,3475000000,202108261506
ordinary_income,2017-06-01,2018-05-31,jpcrp_cor:OrdinaryIncomeLossSummaryOfBusinessResults,Prior3YearDuration,4029000000,202108261506
ordinary_income,2018-06-01,2019-05-31,jpcrp_cor:OrdinaryIncomeLossSummaryOfBusinessResults,Prior2YearDuration,6955000000,202108261506
ordinary_income,2020-06-01,2021-05-31,jpcrp_cor:OrdinaryIncomeLossSummaryOfBusinessResults,CurrentYearDuration,11093000000,202108261506
net_income,2016-06-01,2017-05-31,jpcrp_cor:NetIncomeLossSummaryOfBusinessResults,Prior4YearDuration_NonConsolidatedMember,-15000000,202108261506
net_income,2017-06-01,2018-05-31,jpcrp_cor:NetIncomeLossSummaryOfBusinessResults,Prior3YearDuration_NonConsolidatedMember,1484000000,202108261506
net_income,2018-06-01,2019-05-31,jpcrp_cor:NetIncomeLossSummaryOfBusinessResults,Prior2YearDuration_NonConsolidatedMember,3263000000,202108261506
net_income,2019-06-01,2020-05-31,jpcrp_cor:NetIncomeLossSummaryOfBusinessResults,Prior1YearDuration_NonConsolidatedMember,4286000000,202108261506
net_income,2020-06-01,2021-05-31,jpcrp_cor:NetIncomeLossSummaryOfBusinessResults,CurrentYearDuration_NonConsolidatedMember,6759000000,202108261506
comprehensive_income,2016-06-01,2017-05-31,jpcrp_cor:NetIncomeLossSummaryOfBusinessResults,Prior4YearDuration_NonConsolidatedMember,-15000000,202108261506
comprehensive_income,2017-06-01,2018-05-31,jpcrp_cor:NetIncomeLossSummaryOfBusinessResults,Prior3YearDuration_NonConsolidatedMember,1484000000,202108261506
comprehensive_income,2018-06-01,2019-05-31,jpcrp_cor:NetIncomeLossSummaryOfBusinessResults,Prior2YearDuration_NonConsolidatedMember,3263000000,202108261506
comprehensive_income,2019-06-01,2020-05-31,jpcrp_cor:NetIncomeLossSummaryOfBusinessResults,Prior1YearDuration_NonConsolidatedMember,4286000000,202108261506
comprehensive_income,2020-06-01,2021-05-31,jpcrp_cor:NetIncomeLossSummaryOfBusinessResults,CurrentYearDuration_NonConsolidatedMember,6759000000,202108261506
net_asset,2016-06-01,2017-05-31,jpcrp_cor:NetAssetsSummaryOfBusinessResults,Prior4YearInstant,14088000000,202108261506
net_asset,2017-06-01,2018-05-31,jpcrp_cor:NetAssetsSummaryOfBusinessResults,Prior3YearInstant,15513000000,202108261506
net_asset,2018-06-01,2019-05-31,jpcrp_cor:NetAssetsSummaryOfBusinessResults,Prior2YearInstant,18190000000,202108261506
net_asset,2020-06-01,2021-05-31,jpcrp_cor:NetAssetsSummaryOfBusinessResults,CurrentYearInstant,26214000000,202108261506
total_asset,2016-06-01,2017-05-31,jpcrp_cor:TotalAssetsSummaryOfBusinessResults,Prior4YearInstant,83350000000,202108261506
total_asset,2017-06-01,2018-05-31,jpcrp_cor:TotalAssetsSummaryOfBusinessResults,Prior3YearInstant,90767000000,202108261506
total_asset,2018-06-01,2019-05-31,jpcrp_cor:TotalAssetsSummaryOfBusinessResults,Prior2YearInstant,89497000000,202108261506
total_asset,2020-06-01,2021-05-31,jpcrp_cor:TotalAssetsSummaryOfBusinessResults,CurrentYearInstant,100216000000,202108261506
bps,2016-06-01,2017-05-31,jpcrp_cor:NetAssetsPerShareSummaryOfBusinessResults,Prior4YearInstant,463.12,202108261506
bps,2017-06-01,2018-05-31,jpcrp_cor:NetAssetsPerShareSummaryOfBusinessResults,Prior3YearInstant,515.30,202108261506
bps,2018-06-01,2019-05-31,jpcrp_cor:NetAssetsPerShareSummaryOfBusinessResults,Prior2YearInstant,603.47,202108261506
bps,2019-06-01,2020-05-31,jpcrp_cor:NetAssetsPerShareSummaryOfBusinessResults,Prior1YearInstant,718.95,202108261506
bps,2020-06-01,2021-05-31,jpcrp_cor:NetAssetsPerShareSummaryOfBusinessResults,CurrentYearInstant,887.47,202108261506
eps,2016-06-01,2017-05-31,jpcrp_cor:BasicEarningsLossPerShareSummaryOfBusinessResults,Prior4YearDuration,30.00,202108261506
eps,2017-06-01,2018-05-31,jpcrp_cor:BasicEarningsLossPerShareSummaryOfBusinessResults,Prior3YearDuration,68.12,202108261506
eps,2018-06-01,2019-05-31,jpcrp_cor:BasicEarningsLossPerShareSummaryOfBusinessResults,Prior2YearDuration,130.89,202108261506
eps,2020-06-01,2021-05-31,jpcrp_cor:BasicEarningsLossPerShareSummaryOfBusinessResults,CurrentYearDuration,243.35,202108261506
equity_ratio,2016-06-01,2017-05-31,jpcrp_cor:EquityToAssetRatioSummaryOfBusinessResults,Prior4YearInstant,0.167,202108261506
equity_ratio,2017-06-01,2018-05-31,jpcrp_cor:EquityToAssetRatioSummaryOfBusinessResults,Prior3YearInstant,0.171,202108261506
equity_ratio,2020-06-01,2021-05-31,jpcrp_cor:EquityToAssetRatioSummaryOfBusinessResults,CurrentYearInstant,0.261,202108261506
roe,2016-06-01,2017-05-31,jpcrp_cor:RateOfReturnOnEquitySummaryOfBusinessResults,Prior4YearDuration,0.066,202108261506
roe,2017-06-01,2018-05-31,jpcrp_cor:RateOfReturnOnEquitySummaryOfBusinessResults,Prior3YearDuration,0.139,202108261506
roe,2018-06-01,2019-05-31,jpcrp_cor:RateOfReturnOnEquitySummaryOfBusinessResults,Prior2YearDuration,0.234,202108261506
roe,2019-06-01,2020-05-31,jpcrp_cor:RateOfReturnOnEquitySummaryOfBusinessResults,Prior1YearDuration,0.260,202108261506
roe,2020-06-01,2021-05-31,jpcrp_cor:RateOfReturnOnEquitySummaryOfBusinessResults,CurrentYearDuration,0.303,202108261506
number_of_employee,2016-06-01,2017-05-31,jpcrp_cor:NumberOfEmployees,Prior4YearInstant,3196,202108261506
number_of_employee,2017-06-01,2018-05-31,jpcrp_cor:NumberOfEmployees,Prior3YearInstant,3408,202108261506
number_of_employee,2018-06-01,2019-05-31,jpcrp_cor:NumberOfEmployees,Prior2YearInstant,3538,202108261506
number_of_employee,2019-06-01,2020-05-31,jpcrp_cor:NumberOfEmployees,Prior1YearInstant,3610,202108261506
number_of_employee,2020-06-01,2021-05-31,jpcrp_cor:NumberOfEmployees,CurrentYearInstant,3491,202108261506
number_of_employee,2020-06-01,2021-05-31,jpcrp_cor:NumberOfEmployees,CurrentYearInstant,3491,202108261506
number_of_shares,2019-06-01,2020-05-31,jpcrp_cor:TotalNumberOfIssuedSharesSummaryOfBusinessResults,Prior1YearInstant_NonConsolidatedMember,29455800,202108261506
cost_of_sales,2019-06-01,2020-05-31,jppfs_cor:CostOfSales,Prior1YearDuration,159269000000,202108261506
cost_of_sales,2020-06-01,2021-05-31,jppfs_cor:CostOfSales,CurrentYearDuration,165872000000,202108261506
gross_profit,2019-06-01,2020-05-31,jppfs_cor:GrossProfit,Prior1YearDuration,49937000000,202108261506
gross_profit,2020-06-01,2021-05-31,jppfs_cor:GrossProfit,CurrentYearDuration,52219000000,202108261506
operating_income,2019-06-01,2020-05-31,jppfs_cor:OperatingIncome,Prior1YearDuration,9873000000,202108261506
operating_income,2020-06-01,2021-05-31,jppfs_cor:OperatingIncome,CurrentYearDuration,10999000000,202108261506
operating_income,2019-06-01,2020-05-31,jppfs_cor:OperatingIncome,Prior1YearDuration,9873000000,202108261506
operating_income,2020-06-01,2021-05-31,jppfs_cor:OperatingIncome,CurrentYearDuration,10999000000,202108261506
net_sales,2020-06-01,2020-08-31,jpcrp_cor:NetSalesSummaryOfBusinessResults,Prior1YTDDuration,44230000000,202110121501
net_sales,2021-06-01,2021-08-31,jpcrp_cor:NetSalesSummaryOfBusinessResults,CurrentYTDDuration,52396000000,202110121501
net_sales,2020-06-01,2020-08-31,jpcrp_cor:NetSalesSummaryOfBusinessResults,Prior1YearDuration,218092000000,202110121501
ordinary_income,2020-06-01,2020-08-31,jpcrp_cor:OrdinaryIncomeLossSummaryOfBusinessResults,Prior1YTDDuration,1298000000,202110121501
ordinary_income,2021-06-01,2021-08-31,jpcrp_cor:OrdinaryIncomeLossSummaryOfBusinessResults,CurrentYTDDuration,2797000000,202110121501
ordinary_income,2020-06-01,2020-08-31,jpcrp_cor:OrdinaryIncomeLossSummaryOfBusinessResults,Prior1YearDuration,11093000000,202110121501
net_asset,2021-03-01,2021-05-31,jpcrp_cor:NetAssetsSummaryOfBusinessResults,Prior1QuarterInstant,20395000000,202110121501
net_asset,2021-06-01,2021-08-31,jpcrp_cor:NetAssetsSummaryOfBusinessResults,CurrentQuarterInstant,25145000000,202110121501
net_asset,2020-06-01,2020-08-31,jpcrp_cor:NetAssetsSummaryOfBusinessResults,Prior1YearInstant,26214000000,202110121501
total_asset,2021-03-01,2021-05-31,jpcrp_cor:TotalAssetsSummaryOfBusinessResults,Prior1QuarterInstant,99217000000,202110121501
total_asset,2021-06-01,2021-08-31,jpcrp_cor:TotalAssetsSummaryOfBusinessResults,CurrentQuarterInstant,99913000000,202110121501
total_asset,2020-06-01,2020-08-31,jpcrp_cor:TotalAssetsSummaryOfBusinessResults,Prior1YearInstant,100216000000,202110121501
eps,2020-06-01,2020-08-31,jpcrp_cor:BasicEarningsLossPerShareSummaryOfBusinessResults,Prior1YTDDuration,43.52,202110121501
eps,2021-06-01,2021-08-31,jpcrp_cor:BasicEarningsLossPerShareSummaryOfBusinessResults,CurrentYTDDuration,62.43,202110121501
eps,2020-06-01,2020-08-31,jpcrp_cor:BasicEarningsLossPerShareSummaryOfBusinessResults,Prior1YearDuration,243.35,202110121501
equity_ratio,2021-03-01,2021-05-31,jpcrp_cor:EquityToAssetRatioSummaryOfBusinessResults,Prior1QuarterInstant,0.205,202110121501
equity_ratio,2021-06-01,2021-08-31,jpcrp_cor:EquityToAssetRatioSummaryOfBusinessResults,CurrentQuarterInstant,0.251,202110121501
equity_ratio,2020-06-01,2020-08-31,jpcrp_cor:EquityToAssetRatioSummaryOfBusinessResults,Prior1YearInstant,0.261,202110121501
cost_of_sales,2020-06-01,2020-08-31,jppfs_cor:CostOfSales,Prior1YTDDuration,33666000000,202110121501
cost_of_sales,2021-06-01,2021-08-31,jppfs_cor:CostOfSales,CurrentYTDDuration,39691000000,202110121501
gross_profit,2020-06-01,2020-08-31,jppfs_cor:GrossProfit,Prior1YTDDuration,10563000000,202110121501
gross_profit,2021-06-01,2021-08-31,jppfs_cor:GrossProfit,CurrentYTDDuration,12704000000,202110121501
operating_income,2020-06-01,2020-08-31,jppfs_cor:OperatingIncome,Prior1YTDDuration,1335000000,202110121501
operating_income,2021-06-01,2021-08-31,jppfs_cor:OperatingIncome,CurrentYTDDuration,2770000000,202110121501
operating_income,2020-06-01,2020-08-31,jppfs_cor:OperatingIncome,Prior1YTDDuration,1335000000,202110121501
operating_income,2021-06-01,2021-08-31,jppfs_cor:OperatingIncome,CurrentYTDDuration,2770000000,202110121501
net_sales,2020-09-01,2020-11-30,jpcrp_cor:NetSalesSummaryOfBusinessResults,Prior1YTDDuration,98634000000,202201111501
net_sales,2021-09-01,2021-11-30,jpcrp_cor:NetSalesSummaryOfBusinessResults,CurrentYTDDuration,115104000000,202201111501
ordinary_income,2020-09-01,2020-11-30,jpcrp_cor:OrdinaryIncomeLossSummaryOfBusinessResults,Prior1YTDDuration,4206000000,202201111501
ordinary_income,2021-09-01,2021-11-30,jpcrp_cor:OrdinaryIncomeLossSummaryOfBusinessResults,CurrentYTDDuration,6247000000,202201111501
net_asset,2021-06-01,2021-08-30,jpcrp_cor:NetAssetsSummaryOfBusinessResults,Prior1QuarterInstant,22243000000,202201111501
net_asset,2021-09-01,2021-11-30,jpcrp_cor:NetAssetsSummaryOfBusinessResults,CurrentQuarterInstant,26940000000,202201111501
total_asset,2021-06-01,2021-08-30,jpcrp_cor:TotalAssetsSummaryOfBusinessResults,Prior1QuarterInstant,103763000000,202201111501
total_asset,2021-09-01,2021-11-30,jpcrp_cor:TotalAssetsSummaryOfBusinessResults,CurrentQuarterInstant,111902000000,202201111501
eps,2020-09-01,2020-11-30,jpcrp_cor:BasicEarningsLossPerShareSummaryOfBusinessResults,Prior1YTDDuration,106.85,202201111501
eps,2021-09-01,2021-11-30,jpcrp_cor:BasicEarningsLossPerShareSummaryOfBusinessResults,CurrentYTDDuration,139.53,202201111501
eps,2021-06-01,2021-08-30,jpcrp_cor:BasicEarningsLossPerShareSummaryOfBusinessResults,Prior1QuarterDuration,63.33,202201111501
eps,2021-09-01,2021-11-30,jpcrp_cor:BasicEarningsLossPerShareSummaryOfBusinessResults,CurrentQuarterDuration,77.13,202201111501
equity_ratio,2021-06-01,2021-08-30,jpcrp_cor:EquityToAssetRatioSummaryOfBusinessResults,Prior1QuarterInstant,0.214,202201111501
equity_ratio,2021-09-01,2021-11-30,jpcrp_cor:EquityToAssetRatioSummaryOfBusinessResults,CurrentQuarterInstant,0.240,202201111501
cost_of_sales,2020-09-01,2020-11-30,jppfs_cor:CostOfSales,Prior1YTDDuration,74890000000,202201111501
cost_of_sales,2021-09-01,2021-11-30,jppfs_cor:CostOfSales,CurrentYTDDuration,88042000000,202201111501
gross_profit,2020-09-01,2020-11-30,jppfs_cor:GrossProfit,Prior1YTDDuration,23743000000,202201111501
gross_profit,2021-09-01,2021-11-30,jppfs_cor:GrossProfit,CurrentYTDDuration,27062000000,202201111501
operating_income,2020-09-01,2020-11-30,jppfs_cor:OperatingIncome,Prior1YTDDuration,4237000000,202201111501
operating_income,2021-09-01,2021-11-30,jppfs_cor:OperatingIncome,CurrentYTDDuration,6016000000,202201111501
operating_income,2020-09-01,2020-11-30,jppfs_cor:OperatingIncome,Prior1YTDDuration,4237000000,202201111501
operating_income,2021-09-01,2021-11-30,jppfs_cor:OperatingIncome,CurrentYTDDuration,6016000000,202201111501
net_sales,2020-12-01,2021-02-28,jpcrp_cor:NetSalesSummaryOfBusinessResults,Prior1YTDDuration,145495000000,202204111501
net_sales,2021-12-01,2022-02-28,jpcrp_cor:NetSalesSummaryOfBusinessResults,CurrentYTDDuration,167480000000,202204111501
ordinary_income,2020-12-01,2021-02-28,jpcrp_cor:OrdinaryIncomeLossSummaryOfBusinessResults,Prior1YTDDuration,6067000000,202204111501
ordinary_income,2021-12-01,2022-02-28,jpcrp_cor:OrdinaryIncomeLossSummaryOfBusinessResults,CurrentYTDDuration,7614000000,202204111501
net_asset,2021-09-01,2021-11-28,jpcrp_cor:NetAssetsSummaryOfBusinessResults,Prior1QuarterInstant,23404000000,202204111501
net_asset,2021-12-01,2022-02-28,jpcrp_cor:NetAssetsSummaryOfBusinessResults,CurrentQuarterInstant,27690000000,202204111501
total_asset,2021-09-01,2021-11-28,jpcrp_cor:TotalAssetsSummaryOfBusinessResults,Prior1QuarterInstant,110194000000,202204111501
total_asset,2021-12-01,2022-02-28,jpcrp_cor:TotalAssetsSummaryOfBusinessResults,CurrentQuarterInstant,106433000000,202204111501
eps,2020-12-01,2021-02-28,jpcrp_cor:BasicEarningsLossPerShareSummaryOfBusinessResults,Prior1YTDDuration,147.59,202204111501
eps,2021-12-01,2022-02-28,jpcrp_cor:BasicEarningsLossPerShareSummaryOfBusinessResults,CurrentYTDDuration,167.86,202204111501
eps,2021-09-01,2021-11-28,jpcrp_cor:BasicEarningsLossPerShareSummaryOfBusinessResults,Prior1QuarterDuration,40.74,202204111501
eps,2021-12-01,2022-02-28,jpcrp_cor:BasicEarningsLossPerShareSummaryOfBusinessResults,CurrentQuarterDuration,28.25,202204111501
equity_ratio,2021-09-01,2021-11-28,jpcrp_cor:EquityToAssetRatioSummaryOfBusinessResults,Prior1QuarterInstant,0.212,202204111501
equity_ratio,2021-12-01,2022-02-28,jpcrp_cor:EquityToAssetRatioSummaryOfBusinessResults,CurrentQuarterInstant,0.260,202204111501
cost_of_sales,2020-12-01,2021-02-28,jppfs_cor:CostOfSales,Prior1YTDDuration,110360000000,202204111501
cost_of_sales,2021-12-01,2022-02-28,jppfs_cor:CostOfSales,CurrentYTDDuration,128869000000,202204111501
gross_profit,2020-12-01,2021-02-28,jppfs_cor:GrossProfit,Prior1YTDDuration,35135000000,202204111501
gross_profit,2021-12-01,2022-02-28,jppfs_cor:GrossProfit,CurrentYTDDuration,38611000000,202204111501
operating_income,2020-12-01,2021-02-28,jppfs_cor:OperatingIncome,Prior1YTDDuration,6064000000,202204111501
operating_income,2021-12-01,2022-02-28,jppfs_cor:OperatingIncome,CurrentYTDDuration,7348000000,202204111501
operating_income,2020-12-01,2021-02-28,jppfs_cor:OperatingIncome,Prior1YTDDuration,6064000000,202204111501
operating_income,2021-12-01,2022-02-28,jppfs_cor:OperatingIncome,CurrentYTDDuration,7348000000,202204111501
net_sales,2017-06-01,2018-05-31,jpcrp_cor:NetSalesSummaryOfBusinessResults,Prior4YearDuration,167915000000,202208251500
net_sales,2018-06-01,2019-05-31,jpcrp_cor:NetSalesSummaryOfBusinessResults,Prior3YearDuration,186874000000,202208251500
net_sales,2019-06-01,2020-05-31,jpcrp_cor:NetSalesSummaryOfBusinessResults,Prior2YearDuration,209207000000,202208251500
net_sales,2021-06-01,2022-05-31,jpcrp_cor:NetSalesSummaryOfBusinessResults,CurrentYearDuration,240760000000,202208251500
ordinary_income,2017-06-01,2018-05-31,jpcrp_cor:OrdinaryIncomeLossSummaryOfBusinessResults,Prior4YearDuration,4029000000,202208251500
ordinary_income,2018-06-01,2019-05-31,jpcrp_cor:OrdinaryIncomeLossSummaryOfBusinessResults,Prior3YearDuration,6955000000,202208251500
ordinary_income,2019-06-01,2020-05-31,jpcrp_cor:OrdinaryIncomeLossSummaryOfBusinessResults,Prior2YearDuration,9754000000,202208251500
ordinary_income,2021-06-01,2022-05-31,jpcrp_cor:OrdinaryIncomeLossSummaryOfBusinessResults,CurrentYearDuration,12346000000,202208251500
net_income,2017-06-01,2018-05-31,jpcrp_cor:NetIncomeLossSummaryOfBusinessResults,Prior4YearDuration_NonConsolidatedMember,1484000000,202208251500
net_income,2018-06-01,2019-05-31,jpcrp_cor:NetIncomeLossSummaryOfBusinessResults,Prior3YearDuration_NonConsolidatedMember,3263000000,202208251500
net_income,2019-06-01,2020-05-31,jpcrp_cor:NetIncomeLossSummaryOfBusinessResults,Prior2YearDuration_NonConsolidatedMember,4286000000,202208251500
net_income,2020-06-01,2021-05-31,jpcrp_cor:NetIncomeLossSummaryOfBusinessResults,Prior1YearDuration_NonConsolidatedMember,6759000000,202208251500
net_income,2021-06-01,2022-05-31,jpcrp_cor:NetIncomeLossSummaryOfBusinessResults,CurrentYearDuration_NonConsolidatedMember,7604000000,202208251500
comprehensive_income,2017-06-01,2018-05-31,jpcrp_cor:NetIncomeLossSummaryOfBusinessResults,Prior4YearDuration_NonConsolidatedMember,1484000000,202208251500
comprehensive_income,2018-06-01,2019-05-31,jpcrp_cor:NetIncomeLossSummaryOfBusinessResults,Prior3YearDuration_NonConsolidatedMember,3263000000,202208251500
comprehensive_income,2019-06-01,2020-05-31,jpcrp_cor:NetIncomeLossSummaryOfBusinessResults,Prior2YearDuration_NonConsolidatedMember,4286000000,202208251500
comprehensive_income,2020-06-01,2021-05-31,jpcrp_cor:NetIncomeLossSummaryOfBusinessResults,Prior1YearDuration_NonConsolidatedMember,6759000000,202208251500
comprehensive_income,2021-06-01,2022-05-31,jpcrp_cor:NetIncomeLossSummaryOfBusinessResults,CurrentYearDuration_NonConsolidatedMember,7604000000,202208251500
net_asset,2017-06-01,2018-05-31,jpcrp_cor:NetAssetsSummaryOfBusinessResults,Prior4YearInstant,15513000000,202208251500
net_asset,2018-06-01,2019-05-31,jpcrp_cor:NetAssetsSummaryOfBusinessResults,Prior3YearInstant,18190000000,202208251500
net_asset,2019-06-01,2020-05-31,jpcrp_cor:NetAssetsSummaryOfBusinessResults,Prior2YearInstant,21232000000,202208251500
net_asset,2021-06-01,2022-05-31,jpcrp_cor:NetAssetsSummaryOfBusinessResults,CurrentYearInstant,30916000000,202208251500
total_asset,2017-06-01,2018-05-31,jpcrp_cor:TotalAssetsSummaryOfBusinessResults,Prior4YearInstant,90767000000,202208251500
total_asset,2018-06-01,2019-05-31,jpcrp_cor:TotalAssetsSummaryOfBusinessResults,Prior3YearInstant,89497000000,202208251500
total_asset,2019-06-01,2020-05-31,jpcrp_cor:TotalAssetsSummaryOfBusinessResults,Prior2YearInstant,101713000000,202208251500
total_asset,2021-06-01,2022-05-31,jpcrp_cor:TotalAssetsSummaryOfBusinessResults,CurrentYearInstant,105077000000,202208251500
bps,2017-06-01,2018-05-31,jpcrp_cor:NetAssetsPerShareSummaryOfBusinessResults,Prior4YearInstant,515.30,202208251500
bps,2018-06-01,2019-05-31,jpcrp_cor:NetAssetsPerShareSummaryOfBusinessResults,Prior3YearInstant,603.47,202208251500
bps,2019-06-01,2020-05-31,jpcrp_cor:NetAssetsPerShareSummaryOfBusinessResults,Prior2YearInstant,718.95,202208251500
bps,2020-06-01,2021-05-31,jpcrp_cor:NetAssetsPerShareSummaryOfBusinessResults,Prior1YearInstant,887.47,202208251500
bps,2021-06-01,2022-05-31,jpcrp_cor:NetAssetsPerShareSummaryOfBusinessResults,CurrentYearInstant,1053.53,202208251500
eps,2017-06-01,2018-05-31,jpcrp_cor:BasicEarningsLossPerShareSummaryOfBusinessResults,Prior4YearDuration,68.12,202208251500
eps,2018-06-01,2019-05-31,jpcrp_cor:BasicEarningsLossPerShareSummaryOfBusinessResults,Prior3YearDuration,130.89,202208251500
eps,2019-06-01,2020-05-31,jpcrp_cor:BasicEarningsLossPerShareSummaryOfBusinessResults,Prior2YearDuration,172.76,202208251500
eps,2021-06-01,2022-05-31,jpcrp_cor:BasicEarningsLossPerShareSummaryOfBusinessResults,CurrentYearDuration,282.25,202208251500
equity_ratio,2017-06-01,2018-05-31,jpcrp_cor:EquityToAssetRatioSummaryOfBusinessResults,Prior4YearInstant,0.171,202208251500
equity_ratio,2019-06-01,2020-05-31,jpcrp_cor:EquityToAssetRatioSummaryOfBusinessResults,Prior2YearInstant,0.208,202208251500
equity_ratio,2021-06-01,2022-05-31,jpcrp_cor:EquityToAssetRatioSummaryOfBusinessResults,CurrentYearInstant,0.294,202208251500
roe,2017-06-01,2018-05-31,jpcrp_cor:RateOfReturnOnEquitySummaryOfBusinessResults,Prior4YearDuration,0.139,202208251500
roe,2018-06-01,2019-05-31,jpcrp_cor:RateOfReturnOnEquitySummaryOfBusinessResults,Prior3YearDuration,0.234,202208251500
roe,2019-06-01,2020-05-31,jpcrp_cor:RateOfReturnOnEquitySummaryOfBusinessResults,Prior2YearDuration,0.260,202208251500
roe,2020-06-01,2021-05-31,jpcrp_cor:RateOfReturnOnEquitySummaryOfBusinessResults,Prior1YearDuration,0.303,202208251500
roe,2021-06-01,2022-05-31,jpcrp_cor:RateOfReturnOnEquitySummaryOfBusinessResults,CurrentYearDuration,0.291,202208251500
number_of_employee,2017-06-01,2018-05-31,jpcrp_cor:NumberOfEmployees,Prior4YearInstant,3408,202208251500
number_of_employee,2018-06-01,2019-05-31,jpcrp_cor:NumberOfEmployees,Prior3YearInstant,3538,202208251500
number_of_employee,2019-06-01,2020-05-31,jpcrp_cor:NumberOfEmployees,Prior2YearInstant,3610,202208251500
number_of_employee,2020-06-01,2021-05-31,jpcrp_cor:NumberOfEmployees,Prior1YearInstant,3491,202208251500
number_of_employee,2021-06-01,2022-05-31,jpcrp_cor:NumberOfEmployees,CurrentYearInstant,3369,202208251500
number_of_employee,2021-06-01,2022-05-31,jpcrp_cor:NumberOfEmployees,CurrentYearInstant,3369,202208251500
number_of_shares,2019-06-01,2020-05-31,jpcrp_cor:TotalNumberOfIssuedSharesSummaryOfBusinessResults,Prior2YearInstant_NonConsolidatedMember,29455800,202208251500
cost_of_sales,2020-06-01,2021-05-31,jppfs_cor:CostOfSales,Prior1YearDuration,165872000000,202208251500
cost_of_sales,2021-06-01,2022-05-31,jppfs_cor:CostOfSales,CurrentYearDuration,185502000000,202208251500
gross_profit,2020-06-01,2021-05-31,jppfs_cor:GrossProfit,Prior1YearDuration,52219000000,202208251500
gross_profit,2021-06-01,2022-05-31,jppfs_cor:GrossProfit,CurrentYearDuration,55258000000,202208251500
operating_income,2020-06-01,2021-05-31,jppfs_cor:OperatingIncome,Prior1YearDuration,10999000000,202208251500
operating_income,2021-06-01,2022-05-31,jppfs_cor:OperatingIncome,CurrentYearDuration,11893000000,202208251500
operating_income,2020-06-01,2021-05-31,jppfs_cor:OperatingIncome,Prior1YearDuration,10999000000,202208251500
operating_income,2021-06-01,2022-05-31,jppfs_cor:OperatingIncome,CurrentYearDuration,11893000000,202208251500
net_sales,2021-06-01,2021-08-31,jpcrp_cor:NetSalesSummaryOfBusinessResults,Prior1YTDDuration,52396000000,202210111501
net_sales,2022-06-01,2022-08-31,jpcrp_cor:NetSalesSummaryOfBusinessResults,CurrentYTDDuration,58762000000,202210111501
net_sales,2021-06-01,2021-08-31,jpcrp_cor:NetSalesSummaryOfBusinessResults,Prior1YearDuration,240760000000,202210111501
ordinary_income,2021-06-01,2021-08-31,jpcrp_cor:OrdinaryIncomeLossSummaryOfBusinessResults,Prior1YTDDuration,2797000000,202210111501
ordinary_income,2022-06-01,2022-08-31,jpcrp_cor:OrdinaryIncomeLossSummaryOfBusinessResults,CurrentYTDDuration,2949000000,202210111501
ordinary_income,2021-06-01,2021-08-31,jpcrp_cor:OrdinaryIncomeLossSummaryOfBusinessResults,Prior1YearDuration,12346000000,202210111501
net_asset,2022-03-01,2022-05-31,jpcrp_cor:NetAssetsSummaryOfBusinessResults,Prior1QuarterInstant,25145000000,202210111501
net_asset,2022-06-01,2022-08-31,jpcrp_cor:NetAssetsSummaryOfBusinessResults,CurrentQuarterInstant,29164000000,202210111501
net_asset,2021-06-01,2021-08-31,jpcrp_cor:NetAssetsSummaryOfBusinessResults,Prior1YearInstant,30916000000,202210111501
total_asset,2022-03-01,2022-05-31,jpcrp_cor:TotalAssetsSummaryOfBusinessResults,Prior1QuarterInstant,99913000000,202210111501
total_asset,2022-06-01,2022-08-31,jpcrp_cor:TotalAssetsSummaryOfBusinessResults,CurrentQuarterInstant,100607000000,202210111501
total_asset,2021-06-01,2021-08-31,jpcrp_cor:TotalAssetsSummaryOfBusinessResults,Prior1YearInstant,105077000000,202210111501
eps,2021-06-01,2021-08-31,jpcrp_cor:BasicEarningsLossPerShareSummaryOfBusinessResults,Prior1YTDDuration,62.43,202210111501
eps,2022-06-01,2022-08-31,jpcrp_cor:BasicEarningsLossPerShareSummaryOfBusinessResults,CurrentYTDDuration,65.83,202210111501
eps,2021-06-01,2021-08-31,jpcrp_cor:BasicEarningsLossPerShareSummaryOfBusinessResults,Prior1YearDuration,282.25,202210111501
equity_ratio,2022-03-01,2022-05-31,jpcrp_cor:EquityToAssetRatioSummaryOfBusinessResults,Prior1QuarterInstant,0.251,202210111501
equity_ratio,2022-06-01,2022-08-31,jpcrp_cor:EquityToAssetRatioSummaryOfBusinessResults,CurrentQuarterInstant,0.289,202210111501
equity_ratio,2021-06-01,2021-08-31,jpcrp_cor:EquityToAssetRatioSummaryOfBusinessResults,Prior1YearInstant,0.294,202210111501
cost_of_sales,2021-06-01,2021-08-31,jppfs_cor:CostOfSales,Prior1YTDDuration,39691000000,202210111501
cost_of_sales,2022-06-01,2022-08-31,jppfs_cor:CostOfSales,CurrentYTDDuration,45264000000,202210111501
gross_profit,2021-06-01,2021-08-31,jppfs_cor:GrossProfit,Prior1YTDDuration,12704000000,202210111501
gross_profit,2022-06-01,2022-08-31,jppfs_cor:GrossProfit,CurrentYTDDuration,13498000000,202210111501
operating_income,2021-06-01,2021-08-31,jppfs_cor:OperatingIncome,Prior1YTDDuration,2770000000,202210111501
operating_income,2022-06-01,2022-08-31,jppfs_cor:OperatingIncome,CurrentYTDDuration,2842000000,202210111501
operating_income,2021-06-01,2021-08-31,jppfs_cor:OperatingIncome,Prior1YTDDuration,2770000000,202210111501
operating_income,2022-06-01,2022-08-31,jppfs_cor:OperatingIncome,CurrentYTDDuration,2842000000,202210111501
net_sales,2021-09-01,2021-11-30,jpcrp_cor:NetSalesSummaryOfBusinessResults,Prior1YTDDuration,115104000000,202301111500
net_sales,2022-09-01,2022-11-30,jpcrp_cor:NetSalesSummaryOfBusinessResults,CurrentYTDDuration,125297000000,202301111500
ordinary_income,2021-09-01,2021-11-30,jpcrp_cor:OrdinaryIncomeLossSummaryOfBusinessResults,Prior1YTDDuration,6247000000,202301111500
ordinary_income,2022-09-01,2022-11-30,jpcrp_cor:OrdinaryIncomeLossSummaryOfBusinessResults,CurrentYTDDuration,6930000000,202301111500
net_asset,2022-06-01,2022-08-30,jpcrp_cor:NetAssetsSummaryOfBusinessResults,Prior1QuarterInstant,26940000000,202301111500
net_asset,2022-09-01,2022-11-30,jpcrp_cor:NetAssetsSummaryOfBusinessResults,CurrentQuarterInstant,31813000000,202301111500
total_asset,2022-06-01,2022-08-30,jpcrp_cor:TotalAssetsSummaryOfBusinessResults,Prior1QuarterInstant,111902000000,202301111500
total_asset,2022-09-01,2022-11-30,jpcrp_cor:TotalAssetsSummaryOfBusinessResults,CurrentQuarterInstant,111856000000,202301111500
eps,2021-09-01,2021-11-30,jpcrp_cor:BasicEarningsLossPerShareSummaryOfBusinessResults,Prior1YTDDuration,139.53,202301111500
eps,2022-09-01,2022-11-30,jpcrp_cor:BasicEarningsLossPerShareSummaryOfBusinessResults,CurrentYTDDuration,155.07,202301111500
eps,2022-06-01,2022-08-30,jpcrp_cor:BasicEarningsLossPerShareSummaryOfBusinessResults,Prior1QuarterDuration,77.13,202301111500
eps,2022-09-01,2022-11-30,jpcrp_cor:BasicEarningsLossPerShareSummaryOfBusinessResults,CurrentQuarterDuration,89.24,202301111500
equity_ratio,2022-06-01,2022-08-30,jpcrp_cor:EquityToAssetRatioSummaryOfBusinessResults,Prior1QuarterInstant,0.240,202301111500
equity_ratio,2022-09-01,2022-11-30,jpcrp_cor:EquityToAssetRatioSummaryOfBusinessResults,CurrentQuarterInstant,0.284,202301111500
cost_of_sales,2021-09-01,2021-11-30,jppfs_cor:CostOfSales,Prior1YTDDuration,88042000000,202301111500
cost_of_sales,2022-09-01,2022-11-30,jppfs_cor:CostOfSales,CurrentYTDDuration,95901000000,202301111500
gross_profit,2021-09-01,2021-11-30,jppfs_cor:GrossProfit,Prior1YTDDuration,27062000000,202301111500
gross_profit,2022-09-01,2022-11-30,jppfs_cor:GrossProfit,CurrentYTDDuration,29396000000,202301111500
operating_income,2021-09-01,2021-11-30,jppfs_cor:OperatingIncome,Prior1YTDDuration,6016000000,202301111500
operating_income,2022-09-01,2022-11-30,jppfs_cor:OperatingIncome,CurrentYTDDuration,6764000000,202301111500
operating_income,2021-09-01,2021-11-30,jppfs_cor:OperatingIncome,Prior1YTDDuration,6016000000,202301111500
operating_income,2022-09-01,2022-11-30,jppfs_cor:OperatingIncome,CurrentYTDDuration,6764000000,202301111500
net_sales,2021-12-01,2022-02-28,jpcrp_cor:NetSalesSummaryOfBusinessResults,Prior1YTDDuration,167480000000,202304101500
net_sales,2022-12-01,2023-02-28,jpcrp_cor:NetSalesSummaryOfBusinessResults,CurrentYTDDuration,173853000000,202304101500
ordinary_income,2021-12-01,2022-02-28,jpcrp_cor:OrdinaryIncomeLossSummaryOfBusinessResults,Prior1YTDDuration,7614000000,202304101500
ordinary_income,2022-12-01,2023-02-28,jpcrp_cor:OrdinaryIncomeLossSummaryOfBusinessResults,CurrentYTDDuration,7929000000,202304101500
net_asset,2022-09-01,2022-11-28,jpcrp_cor:NetAssetsSummaryOfBusinessResults,Prior1QuarterInstant,27690000000,202304101500
net_asset,2022-12-01,2023-02-28,jpcrp_cor:NetAssetsSummaryOfBusinessResults,CurrentQuarterInstant,31327000000,202304101500
total_asset,2022-09-01,2022-11-28,jpcrp_cor:TotalAssetsSummaryOfBusinessResults,Prior1QuarterInstant,106433000000,202304101500
total_asset,2022-12-01,2023-02-28,jpcrp_cor:TotalAssetsSummaryOfBusinessResults,CurrentQuarterInstant,108283000000,202304101500
eps,2021-12-01,2022-02-28,jpcrp_cor:BasicEarningsLossPerShareSummaryOfBusinessResults,Prior1YTDDuration,167.86,202304101500
eps,2022-12-01,2023-02-28,jpcrp_cor:BasicEarningsLossPerShareSummaryOfBusinessResults,CurrentYTDDuration,173.77,202304101500
eps,2022-09-01,2022-11-28,jpcrp_cor:BasicEarningsLossPerShareSummaryOfBusinessResults,Prior1QuarterDuration,28.25,202304101500
eps,2022-12-01,2023-02-28,jpcrp_cor:BasicEarningsLossPerShareSummaryOfBusinessResults,CurrentQuarterDuration,18.60,202304101500
equity_ratio,2022-09-01,2022-11-28,jpcrp_cor:EquityToAssetRatioSummaryOfBusinessResults,Prior1QuarterInstant,0.260,202304101500
cost_of_sales,2021-12-01,2022-02-28,jppfs_cor:CostOfSales,Prior1YTDDuration,128869000000,202304101500
cost_of_sales,2022-12-01,2023-02-28,jppfs_cor:CostOfSales,CurrentYTDDuration,132459000000,202304101500
gross_profit,2021-12-01,2022-02-28,jppfs_cor:GrossProfit,Prior1YTDDuration,38611000000,202304101500
gross_profit,2022-12-01,2023-02-28,jppfs_cor:GrossProfit,CurrentYTDDuration,41393000000,202304101500
operating_income,2021-12-01,2022-02-28,jppfs_cor:OperatingIncome,Prior1YTDDuration,7348000000,202304101500
operating_income,2022-12-01,2023-02-28,jppfs_cor:OperatingIncome,CurrentYTDDuration,7711000000,202304101500
operating_income,2021-12-01,2022-02-28,jppfs_cor:OperatingIncome,Prior1YTDDuration,7348000000,202304101500
operating_income,2022-12-01,2023-02-28,jppfs_cor:OperatingIncome,CurrentYTDDuration,7711000000,202304101500
net_sales,2018-06-01,2019-05-31,jpcrp_cor:NetSalesSummaryOfBusinessResults,Prior4YearDuration,186874000000,202308291502
net_sales,2019-06-01,2020-05-31,jpcrp_cor:NetSalesSummaryOfBusinessResults,Prior3YearDuration,209207000000,202308291502
net_sales,2020-06-01,2021-05-31,jpcrp_cor:NetSalesSummaryOfBusinessResults,Prior2YearDuration,218092000000,202308291502
net_sales,2022-06-01,2023-05-31,jpcrp_cor:NetSalesSummaryOfBusinessResults,CurrentYearDuration,256065000000,202308291502
ordinary_income,2018-06-01,2019-05-31,jpcrp_cor:OrdinaryIncomeLossSummaryOfBusinessResults,Prior4YearDuration,6955000000,202308291502
ordinary_income,2019-06-01,2020-05-31,jpcrp_cor:OrdinaryIncomeLossSummaryOfBusinessResults,Prior3YearDuration,9754000000,202308291502
ordinary_income,2020-06-01,2021-05-31,jpcrp_cor:OrdinaryIncomeLossSummaryOfBusinessResults,Prior2YearDuration,11093000000,202308291502
ordinary_income,2022-06-01,2023-05-31,jpcrp_cor:OrdinaryIncomeLossSummaryOfBusinessResults,CurrentYearDuration,13477000000,202308291502
net_income,2018-06-01,2019-05-31,jpcrp_cor:NetIncomeLossSummaryOfBusinessResults,Prior4YearDuration_NonConsolidatedMember,3263000000,202308291502
net_income,2019-06-01,2020-05-31,jpcrp_cor:NetIncomeLossSummaryOfBusinessResults,Prior3YearDuration_NonConsolidatedMember,4286000000,202308291502
net_income,2020-06-01,2021-05-31,jpcrp_cor:NetIncomeLossSummaryOfBusinessResults,Prior2YearDuration_NonConsolidatedMember,6759000000,202308291502
net_income,2021-06-01,2022-05-31,jpcrp_cor:NetIncomeLossSummaryOfBusinessResults,Prior1YearDuration_NonConsolidatedMember,7604000000,202308291502
net_income,2022-06-01,2023-05-31,jpcrp_cor:NetIncomeLossSummaryOfBusinessResults,CurrentYearDuration_NonConsolidatedMember,7918000000,202308291502
comprehensive_income,2018-06-01,2019-05-31,jpcrp_cor:NetIncomeLossSummaryOfBusinessResults,Prior4YearDuration_NonConsolidatedMember,3263000000,202308291502
comprehensive_income,2019-06-01,2020-05-31,jpcrp_cor:NetIncomeLossSummaryOfBusinessResults,Prior3YearDuration_NonConsolidatedMember,4286000000,202308291502
comprehensive_income,2020-06-01,2021-05-31,jpcrp_cor:NetIncomeLossSummaryOfBusinessResults,Prior2YearDuration_NonConsolidatedMember,6759000000,202308291502
comprehensive_income,2021-06-01,2022-05-31,jpcrp_cor:NetIncomeLossSummaryOfBusinessResults,Prior1YearDuration_NonConsolidatedMember,7604000000,202308291502
comprehensive_income,2022-06-01,2023-05-31,jpcrp_cor:NetIncomeLossSummaryOfBusinessResults,CurrentYearDuration_NonConsolidatedMember,7918000000,202308291502
net_asset,2018-06-01,2019-05-31,jpcrp_cor:NetAssetsSummaryOfBusinessResults,Prior4YearInstant,18190000000,202308291502
net_asset,2019-06-01,2020-05-31,jpcrp_cor:NetAssetsSummaryOfBusinessResults,Prior3YearInstant,21232000000,202308291502
net_asset,2020-06-01,2021-05-31,jpcrp_cor:NetAssetsSummaryOfBusinessResults,Prior2YearInstant,26214000000,202308291502
net_asset,2022-06-01,2023-05-31,jpcrp_cor:NetAssetsSummaryOfBusinessResults,CurrentYearInstant,34915000000,202308291502
total_asset,2018-06-01,2019-05-31,jpcrp_cor:TotalAssetsSummaryOfBusinessResults,Prior4YearInstant,89497000000,202308291502
total_asset,2019-06-01,2020-05-31,jpcrp_cor:TotalAssetsSummaryOfBusinessResults,Prior3YearInstant,101713000000,202308291502
total_asset,2020-06-01,2021-05-31,jpcrp_cor:TotalAssetsSummaryOfBusinessResults,Prior2YearInstant,100216000000,202308291502
total_asset,2022-06-01,2023-05-31,jpcrp_cor:TotalAssetsSummaryOfBusinessResults,CurrentYearInstant,111508000000,202308291502
bps,2018-06-01,2019-05-31,jpcrp_cor:NetAssetsPerShareSummaryOfBusinessResults,Prior4YearInstant,603.47,202308291502
bps,2019-06-01,2020-05-31,jpcrp_cor:NetAssetsPerShareSummaryOfBusinessResults,Prior3YearInstant,718.95,202308291502
bps,2020-06-01,2021-05-31,jpcrp_cor:NetAssetsPerShareSummaryOfBusinessResults,Prior2YearInstant,887.47,202308291502
bps,2021-06-01,2022-05-31,jpcrp_cor:NetAssetsPerShareSummaryOfBusinessResults,Prior1YearInstant,1053.53,202308291502
bps,2022-06-01,2023-05-31,jpcrp_cor:NetAssetsPerShareSummaryOfBusinessResults,CurrentYearInstant,1203.11,202308291502
eps,2018-06-01,2019-05-31,jpcrp_cor:BasicEarningsLossPerShareSummaryOfBusinessResults,Prior4YearDuration,130.89,202308291502
eps,2019-06-01,2020-05-31,jpcrp_cor:BasicEarningsLossPerShareSummaryOfBusinessResults,Prior3YearDuration,172.76,202308291502
eps,2020-06-01,2021-05-31,jpcrp_cor:BasicEarningsLossPerShareSummaryOfBusinessResults,Prior2YearDuration,243.35,202308291502
eps,2022-06-01,2023-05-31,jpcrp_cor:BasicEarningsLossPerShareSummaryOfBusinessResults,CurrentYearDuration,298.41,202308291502
equity_ratio,2019-06-01,2020-05-31,jpcrp_cor:EquityToAssetRatioSummaryOfBusinessResults,Prior3YearInstant,0.208,202308291502
equity_ratio,2020-06-01,2021-05-31,jpcrp_cor:EquityToAssetRatioSummaryOfBusinessResults,Prior2YearInstant,0.261,202308291502
equity_ratio,2022-06-01,2023-05-31,jpcrp_cor:EquityToAssetRatioSummaryOfBusinessResults,CurrentYearInstant,0.313,202308291502
roe,2018-06-01,2019-05-31,jpcrp_cor:RateOfReturnOnEquitySummaryOfBusinessResults,Prior4YearDuration,0.234,202308291502
roe,2019-06-01,2020-05-31,jpcrp_cor:RateOfReturnOnEquitySummaryOfBusinessResults,Prior3YearDuration,0.260,202308291502
roe,2020-06-01,2021-05-31,jpcrp_cor:RateOfReturnOnEquitySummaryOfBusinessResults,Prior2YearDuration,0.303,202308291502
roe,2021-06-01,2022-05-31,jpcrp_cor:RateOfReturnOnEquitySummaryOfBusinessResults,Prior1YearDuration,0.291,202308291502
roe,2022-06-01,2023-05-31,jpcrp_cor:RateOfReturnOnEquitySummaryOfBusinessResults,CurrentYearDuration,0.265,202308291502
number_of_employee,2018-06-01,2019-05-31,jpcrp_cor:NumberOfEmployees,Prior4YearInstant,3538,202308291502
number_of_employee,2019-06-01,2020-05-31,jpcrp_cor:NumberOfEmployees,Prior3YearInstant,3610,202308291502
number_of_employee,2020-06-01,2021-05-31,jpcrp_cor:NumberOfEmployees,Prior2YearInstant,3491,202308291502
number_of_employee,2021-06-01,2022-05-31,jpcrp_cor:NumberOfEmployees,Prior1YearInstant,3369,202308291502
number_of_employee,2022-06-01,2023-05-31,jpcrp_cor:NumberOfEmployees,CurrentYearInstant,3329,202308291502
number_of_employee,2022-06-01,2023-05-31,jpcrp_cor:NumberOfEmployees,CurrentYearInstant,3329,202308291502
number_of_shares,2019-06-01,2020-05-31,jpcrp_cor:TotalNumberOfIssuedSharesSummaryOfBusinessResults,Prior3YearInstant_NonConsolidatedMember,29455800,202308291502
cost_of_sales,2021-06-01,2022-05-31,jppfs_cor:CostOfSales,Prior1YearDuration,185502000000,202308291502
cost_of_sales,2022-06-01,2023-05-31,jppfs_cor:CostOfSales,CurrentYearDuration,194428000000,202308291502
gross_profit,2021-06-01,2022-05-31,jppfs_cor:GrossProfit,Prior1YearDuration,55258000000,202308291502
gross_profit,2022-06-01,2023-05-31,jppfs_cor:GrossProfit,CurrentYearDuration,61637000000,202308291502
operating_income,2021-06-01,2022-05-31,jppfs_cor:OperatingIncome,Prior1YearDuration,11893000000,202308291502
operating_income,2022-06-01,2023-05-31,jppfs_cor:OperatingIncome,CurrentYearDuration,13264000000,202308291502
operating_income,2021-06-01,2022-05-31,jppfs_cor:OperatingIncome,Prior1YearDuration,11893000000,202308291502
operating_income,2022-06-01,2023-05-31,jppfs_cor:OperatingIncome,CurrentYearDuration,13264000000,202308291502
net_sales,2022-06-01,2022-08-31,jpcrp_cor:NetSalesSummaryOfBusinessResults,Prior1YTDDuration,58762000000,202310101500
net_sales,2023-06-01,2023-08-31,jpcrp_cor:NetSalesSummaryOfBusinessResults,CurrentYTDDuration,53237000000,202310101500
net_sales,2022-06-01,2022-08-31,jpcrp_cor:NetSalesSummaryOfBusinessResults,Prior1YearDuration,256065000000,202310101500
ordinary_income,2022-06-01,2022-08-31,jpcrp_cor:OrdinaryIncomeLossSummaryOfBusinessResults,Prior1YTDDuration,2949000000,202310101500
ordinary_income,2023-06-01,2023-08-31,jpcrp_cor:OrdinaryIncomeLossSummaryOfBusinessResults,CurrentYTDDuration,1531000000,202310101500
ordinary_income,2022-06-01,2022-08-31,jpcrp_cor:OrdinaryIncomeLossSummaryOfBusinessResults,Prior1YearDuration,13477000000,202310101500
net_asset,2023-03-01,2023-05-31,jpcrp_cor:NetAssetsSummaryOfBusinessResults,Prior1QuarterInstant,29164000000,202310101500
net_asset,2023-06-01,2023-08-31,jpcrp_cor:NetAssetsSummaryOfBusinessResults,CurrentQuarterInstant,30580000000,202310101500
net_asset,2022-06-01,2022-08-31,jpcrp_cor:NetAssetsSummaryOfBusinessResults,Prior1YearInstant,34915000000,202310101500
total_asset,2023-03-01,2023-05-31,jpcrp_cor:TotalAssetsSummaryOfBusinessResults,Prior1QuarterInstant,100607000000,202310101500
total_asset,2023-06-01,2023-08-31,jpcrp_cor:TotalAssetsSummaryOfBusinessResults,CurrentQuarterInstant,98178000000,202310101500
total_asset,2022-06-01,2022-08-31,jpcrp_cor:TotalAssetsSummaryOfBusinessResults,Prior1YearInstant,111508000000,202310101500
eps,2022-06-01,2022-08-31,jpcrp_cor:BasicEarningsLossPerShareSummaryOfBusinessResults,Prior1YTDDuration,65.83,202310101500
eps,2023-06-01,2023-08-31,jpcrp_cor:BasicEarningsLossPerShareSummaryOfBusinessResults,CurrentYTDDuration,32.17,202310101500
eps,2022-06-01,2022-08-31,jpcrp_cor:BasicEarningsLossPerShareSummaryOfBusinessResults,Prior1YearDuration,298.41,202310101500
equity_ratio,2023-03-01,2023-05-31,jpcrp_cor:EquityToAssetRatioSummaryOfBusinessResults,Prior1QuarterInstant,0.289,202310101500
equity_ratio,2023-06-01,2023-08-31,jpcrp_cor:EquityToAssetRatioSummaryOfBusinessResults,CurrentQuarterInstant,0.311,202310101500
equity_ratio,2022-06-01,2022-08-31,jpcrp_cor:EquityToAssetRatioSummaryOfBusinessResults,Prior1YearInstant,0.313,202310101500
cost_of_sales,2022-06-01,2022-08-31,jppfs_cor:CostOfSales,Prior1YTDDuration,45264000000,202310101500
cost_of_sales,2023-06-01,2023-08-31,jppfs_cor:CostOfSales,CurrentYTDDuration,41311000000,202310101500
gross_profit,2022-06-01,2022-08-31,jppfs_cor:GrossProfit,Prior1YTDDuration,13498000000,202310101500
gross_profit,2023-06-01,2023-08-31,jppfs_cor:GrossProfit,CurrentYTDDuration,11925000000,202310101500
operating_income,2022-06-01,2022-08-31,jppfs_cor:OperatingIncome,Prior1YTDDuration,2842000000,202310101500
operating_income,2023-06-01,2023-08-31,jppfs_cor:OperatingIncome,CurrentYTDDuration,1380000000,202310101500
operating_income,2022-06-01,2022-08-31,jppfs_cor:OperatingIncome,Prior1YTDDuration,2842000000,202310101500
operating_income,2023-06-01,2023-08-31,jppfs_cor:OperatingIncome,CurrentYTDDuration,1380000000,202310101500
net_sales,2022-09-01,2022-11-30,jpcrp_cor:NetSalesSummaryOfBusinessResults,Prior1YTDDuration,125297000000,202401111500
net_sales,2023-09-01,2023-11-30,jpcrp_cor:NetSalesSummaryOfBusinessResults,CurrentYTDDuration,112757000000,202401111500
ordinary_income,2022-09-01,2022-11-30,jpcrp_cor:OrdinaryIncomeLossSummaryOfBusinessResults,Prior1YTDDuration,6930000000,202401111500
ordinary_income,2023-09-01,2023-11-30,jpcrp_cor:OrdinaryIncomeLossSummaryOfBusinessResults,CurrentYTDDuration,3186000000,202401111500
net_asset,2023-06-01,2023-08-30,jpcrp_cor:NetAssetsSummaryOfBusinessResults,Prior1QuarterInstant,31813000000,202401111500
net_asset,2023-09-01,2023-11-30,jpcrp_cor:NetAssetsSummaryOfBusinessResults,CurrentQuarterInstant,31560000000,202401111500
total_asset,2023-06-01,2023-08-30,jpcrp_cor:TotalAssetsSummaryOfBusinessResults,Prior1QuarterInstant,111856000000,202401111500
total_asset,2023-09-01,2023-11-30,jpcrp_cor:TotalAssetsSummaryOfBusinessResults,CurrentQuarterInstant,102896000000,202401111500
eps,2022-09-01,2022-11-30,jpcrp_cor:BasicEarningsLossPerShareSummaryOfBusinessResults,Prior1YTDDuration,155.07,202401111500
eps,2023-09-01,2023-11-30,jpcrp_cor:BasicEarningsLossPerShareSummaryOfBusinessResults,CurrentYTDDuration,65.67,202401111500
eps,2023-06-01,2023-08-30,jpcrp_cor:BasicEarningsLossPerShareSummaryOfBusinessResults,Prior1QuarterDuration,89.24,202401111500
eps,2023-09-01,2023-11-30,jpcrp_cor:BasicEarningsLossPerShareSummaryOfBusinessResults,CurrentQuarterDuration,33.50,202401111500
equity_ratio,2023-06-01,2023-08-30,jpcrp_cor:EquityToAssetRatioSummaryOfBusinessResults,Prior1QuarterInstant,0.284,202401111500
equity_ratio,2023-09-01,2023-11-30,jpcrp_cor:EquityToAssetRatioSummaryOfBusinessResults,CurrentQuarterInstant,0.306,202401111500
cost_of_sales,2022-09-01,2022-11-30,jppfs_cor:CostOfSales,Prior1YTDDuration,95901000000,202401111500
cost_of_sales,2023-09-01,2023-11-30,jppfs_cor:CostOfSales,CurrentYTDDuration,86234000000,202401111500
gross_profit,2022-09-01,2022-11-30,jppfs_cor:GrossProfit,Prior1YTDDuration,29396000000,202401111500
gross_profit,2023-09-01,2023-11-30,jppfs_cor:GrossProfit,CurrentYTDDuration,26523000000,202401111500
operating_income,2022-09-01,2022-11-30,jppfs_cor:OperatingIncome,Prior1YTDDuration,6764000000,202401111500
operating_income,2023-09-01,2023-11-30,jppfs_cor:OperatingIncome,CurrentYTDDuration,3007000000,202401111500
operating_income,2022-09-01,2022-11-30,jppfs_cor:OperatingIncome,Prior1YTDDuration,6764000000,202401111500
operating_income,2023-09-01,2023-11-30,jppfs_cor:OperatingIncome,CurrentYTDDuration,3007000000,202401111500
net_sales,2022-12-01,2023-02-28,jpcrp_cor:NetSalesSummaryOfBusinessResults,Prior1YTDDuration,173853000000,202404111500
net_sales,2023-12-01,2024-02-29,jpcrp_cor:NetSalesSummaryOfBusinessResults,CurrentYTDDuration,152508000000,202404111500
ordinary_income,2022-12-01,2023-02-28,jpcrp_cor:OrdinaryIncomeLossSummaryOfBusinessResults,Prior1YTDDuration,7929000000,202404111500
ordinary_income,2023-12-01,2024-02-29,jpcrp_cor:OrdinaryIncomeLossSummaryOfBusinessResults,CurrentYTDDuration,1696000000,202404111500
net_asset,2023-09-01,2023-11-29,jpcrp_cor:NetAssetsSummaryOfBusinessResults,Prior1QuarterInstant,31327000000,202404111500
net_asset,2023-12-01,2024-02-29,jpcrp_cor:NetAssetsSummaryOfBusinessResults,CurrentQuarterInstant,30367000000,202404111500
total_asset,2023-09-01,2023-11-29,jpcrp_cor:TotalAssetsSummaryOfBusinessResults,Prior1QuarterInstant,108283000000,202404111500
total_asset,2023-12-01,2024-02-29,jpcrp_cor:TotalAssetsSummaryOfBusinessResults,CurrentQuarterInstant,102650000000,202404111500
eps,2022-12-01,2023-02-28,jpcrp_cor:BasicEarningsLossPerShareSummaryOfBusinessResults,Prior1YTDDuration,173.77,202404111500
eps,2023-12-01,2024-02-29,jpcrp_cor:BasicEarningsLossPerShareSummaryOfBusinessResults,CurrentYTDDuration,26.33,202404111500
eps,2023-09-01,2023-11-29,jpcrp_cor:BasicEarningsLossPerShareSummaryOfBusinessResults,Prior1QuarterDuration,18.60,202404111500
eps,2023-12-01,2024-02-29,jpcrp_cor:BasicEarningsLossPerShareSummaryOfBusinessResults,CurrentQuarterDuration,-39.33,202404111500
equity_ratio,2023-12-01,2024-02-29,jpcrp_cor:EquityToAssetRatioSummaryOfBusinessResults,CurrentQuarterInstant,0.296,202404111500
cost_of_sales,2022-12-01,2023-02-28,jppfs_cor:CostOfSales,Prior1YTDDuration,132459000000,202404111500
cost_of_sales,2023-12-01,2024-02-29,jppfs_cor:CostOfSales,CurrentYTDDuration,116591000000,202404111500
gross_profit,2022-12-01,2023-02-28,jppfs_cor:GrossProfit,Prior1YTDDuration,41393000000,202404111500
gross_profit,2023-12-01,2024-02-29,jppfs_cor:GrossProfit,CurrentYTDDuration,35917000000,202404111500
operating_income,2022-12-01,2023-02-28,jppfs_cor:OperatingIncome,Prior1YTDDuration,7711000000,202404111500
operating_income,2023-12-01,2024-02-29,jppfs_cor:OperatingIncome,CurrentYTDDuration,1459000000,202404111500
operating_income,2022-12-01,2023-02-28,jppfs_cor:OperatingIncome,Prior1YTDDuration,7711000000,202404111500
operating_income,2023-12-01,2024-02-29,jppfs_cor:OperatingIncome,CurrentYTDDuration,1459000000,202404111500
net_sales,2019-06-01,2020-05-31,jpcrp_cor:NetSalesSummaryOfBusinessResults,Prior4YearDuration,209207000000,202408281500
net_sales,2020-06-01,2021-05-31,jpcrp_cor:NetSalesSummaryOfBusinessResults,Prior3YearDuration,218092000000,202408281500
net_sales,2021-06-01,2022-05-31,jpcrp_cor:NetSalesSummaryOfBusinessResults,Prior2YearDuration,240760000000,202408281500
net_sales,2023-06-01,2024-05-31,jpcrp_cor:NetSalesSummaryOfBusinessResults,CurrentYearDuration,247733000000,202408281500
ordinary_income,2019-06-01,2020-05-31,jpcrp_cor:OrdinaryIncomeLossSummaryOfBusinessResults,Prior4YearDuration,9754000000,202408281500
ordinary_income,2020-06-01,2021-05-31,jpcrp_cor:OrdinaryIncomeLossSummaryOfBusinessResults,Prior3YearDuration,11093000000,202408281500
ordinary_income,2021-06-01,2022-05-31,jpcrp_cor:OrdinaryIncomeLossSummaryOfBusinessResults,Prior2YearDuration,12346000000,202408281500
ordinary_income,2023-06-01,2024-05-31,jpcrp_cor:OrdinaryIncomeLossSummaryOfBusinessResults,CurrentYearDuration,12877000000,202408281500
net_income,2019-06-01,2020-05-31,jpcrp_cor:NetIncomeLossSummaryOfBusinessResults,Prior4YearDuration_NonConsolidatedMember,4286000000,202408281500
net_income,2020-06-01,2021-05-31,jpcrp_cor:NetIncomeLossSummaryOfBusinessResults,Prior3YearDuration_NonConsolidatedMember,6759000000,202408281500
net_income,2021-06-01,2022-05-31,jpcrp_cor:NetIncomeLossSummaryOfBusinessResults,Prior2YearDuration_NonConsolidatedMember,7604000000,202408281500
net_income,2022-06-01,2023-05-31,jpcrp_cor:NetIncomeLossSummaryOfBusinessResults,Prior1YearDuration_NonConsolidatedMember,7918000000,202408281500
net_income,2023-06-01,2024-05-31,jpcrp_cor:NetIncomeLossSummaryOfBusinessResults,CurrentYearDuration_NonConsolidatedMember,8240000000,202408281500
comprehensive_income,2019-06-01,2020-05-31,jpcrp_cor:NetIncomeLossSummaryOfBusinessResults,Prior4YearDuration_NonConsolidatedMember,4286000000,202408281500
comprehensive_income,2020-06-01,2021-05-31,jpcrp_cor:NetIncomeLossSummaryOfBusinessResults,Prior3YearDuration_NonConsolidatedMember,6759000000,202408281500
comprehensive_income,2021-06-01,2022-05-31,jpcrp_cor:NetIncomeLossSummaryOfBusinessResults,Prior2YearDuration_NonConsolidatedMember,7604000000,202408281500
comprehensive_income,2022-06-01,2023-05-31,jpcrp_cor:NetIncomeLossSummaryOfBusinessResults,Prior1YearDuration_NonConsolidatedMember,7918000000,202408281500
comprehensive_income,2023-06-01,2024-05-31,jpcrp_cor:NetIncomeLossSummaryOfBusinessResults,CurrentYearDuration_NonConsolidatedMember,8240000000,202408281500
net_asset,2019-06-01,2020-05-31,jpcrp_cor:NetAssetsSummaryOfBusinessResults,Prior4YearInstant,21232000000,202408281500
net_asset,2020-06-01,2021-05-31,jpcrp_cor:NetAssetsSummaryOfBusinessResults,Prior3YearInstant,26214000000,202408281500
net_asset,2021-06-01,2022-05-31,jpcrp_cor:NetAssetsSummaryOfBusinessResults,Prior2YearInstant,30916000000,202408281500
net_asset,2023-06-01,2024-05-31,jpcrp_cor:NetAssetsSummaryOfBusinessResults,CurrentYearInstant,38327000000,202408281500
total_asset,2019-06-01,2020-05-31,jpcrp_cor:TotalAssetsSummaryOfBusinessResults,Prior4YearInstant,101713000000,202408281500
total_asset,2020-06-01,2021-05-31,jpcrp_cor:TotalAssetsSummaryOfBusinessResults,Prior3YearInstant,100216000000,202408281500
total_asset,2021-06-01,2022-05-31,jpcrp_cor:TotalAssetsSummaryOfBusinessResults,Prior2YearInstant,105077000000,202408281500
total_asset,2023-06-01,2024-05-31,jpcrp_cor:TotalAssetsSummaryOfBusinessResults,CurrentYearInstant,89587000000,202408281500
bps,2019-06-01,2020-05-31,jpcrp_cor:NetAssetsPerShareSummaryOfBusinessResults,Prior4YearInstant,718.95,202408281500
bps,2020-06-01,2021-05-31,jpcrp_cor:NetAssetsPerShareSummaryOfBusinessResults,Prior3YearInstant,887.47,202408281500
bps,2021-06-01,2022-05-31,jpcrp_cor:NetAssetsPerShareSummaryOfBusinessResults,Prior2YearInstant,1053.53,202408281500
bps,2022-06-01,2023-05-31,jpcrp_cor:NetAssetsPerShareSummaryOfBusinessResults,Prior1YearInstant,1203.11,202408281500
bps,2023-06-01,2024-05-31,jpcrp_cor:NetAssetsPerShareSummaryOfBusinessResults,CurrentYearInstant,1321.11,202408281500
eps,2019-06-01,2020-05-31,jpcrp_cor:BasicEarningsLossPerShareSummaryOfBusinessResults,Prior4YearDuration,172.76,202408281500
eps,2020-06-01,2021-05-31,jpcrp_cor:BasicEarningsLossPerShareSummaryOfBusinessResults,Prior3YearDuration,243.35,202408281500
eps,2021-06-01,2022-05-31,jpcrp_cor:BasicEarningsLossPerShareSummaryOfBusinessResults,Prior2YearDuration,282.25,202408281500
eps,2023-06-01,2024-05-31,jpcrp_cor:BasicEarningsLossPerShareSummaryOfBusinessResults,CurrentYearDuration,301.94,202408281500
equity_ratio,2019-06-01,2020-05-31,jpcrp_cor:EquityToAssetRatioSummaryOfBusinessResults,Prior4YearInstant,0.208,202408281500
equity_ratio,2020-06-01,2021-05-31,jpcrp_cor:EquityToAssetRatioSummaryOfBusinessResults,Prior3YearInstant,0.261,202408281500
equity_ratio,2021-06-01,2022-05-31,jpcrp_cor:EquityToAssetRatioSummaryOfBusinessResults,Prior2YearInstant,0.294,202408281500
equity_ratio,2023-06-01,2024-05-31,jpcrp_cor:EquityToAssetRatioSummaryOfBusinessResults,CurrentYearInstant,0.427,202408281500
roe,2019-06-01,2020-05-31,jpcrp_cor:RateOfReturnOnEquitySummaryOfBusinessResults,Prior4YearDuration,0.260,202408281500
roe,2020-06-01,2021-05-31,jpcrp_cor:RateOfReturnOnEquitySummaryOfBusinessResults,Prior3YearDuration,0.303,202408281500
roe,2021-06-01,2022-05-31,jpcrp_cor:RateOfReturnOnEquitySummaryOfBusinessResults,Prior2YearDuration,0.291,202408281500
roe,2022-06-01,2023-05-31,jpcrp_cor:RateOfReturnOnEquitySummaryOfBusinessResults,Prior1YearDuration,0.265,202408281500
roe,2023-06-01,2024-05-31,jpcrp_cor:RateOfReturnOnEquitySummaryOfBusinessResults,CurrentYearDuration,0.239,202408281500
number_of_employee,2019-06-01,2020-05-31,jpcrp_cor:NumberOfEmployees,Prior4YearInstant,3610,202408281500
number_of_employee,2020-06-01,2021-05-31,jpcrp_cor:NumberOfEmployees,Prior3YearInstant,3491,202408281500
number_of_employee,2021-06-01,2022-05-31,jpcrp_cor:NumberOfEmployees,Prior2YearInstant,3369,202408281500
number_of_employee,2022-06-01,2023-05-31,jpcrp_cor:NumberOfEmployees,Prior1YearInstant,3329,202408281500
number_of_employee,2023-06-01,2024-05-31,jpcrp_cor:NumberOfEmployees,CurrentYearInstant,3420,202408281500
number_of_employee,2023-06-01,2024-05-31,jpcrp_cor:NumberOfEmployees,CurrentYearInstant,3420,202408281500
number_of_shares,2019-06-01,2020-05-31,jpcrp_cor:TotalNumberOfIssuedSharesSummaryOfBusinessResults,Prior4YearInstant_NonConsolidatedMember,29455800,202408281500
cost_of_sales,2022-06-01,2023-05-31,jppfs_cor:CostOfSales,Prior1YearDuration,194428000000,202408281500
cost_of_sales,2023-06-01,2024-05-31,jppfs_cor:CostOfSales,CurrentYearDuration,188881000000,202408281500
gross_profit,2022-06-01,2023-05-31,jppfs_cor:GrossProfit,Prior1YearDuration,61637000000,202408281500
gross_profit,2023-06-01,2024-05-31,jppfs_cor:GrossProfit,CurrentYearDuration,58852000000,202408281500
operating_income,2022-06-01,2023-05-31,jppfs_cor:OperatingIncome,Prior1YearDuration,13264000000,202408281500
operating_income,2023-06-01,2024-05-31,jppfs_cor:OperatingIncome,CurrentYearDuration,12586000000,202408281500
operating_income,2022-06-01,2023-05-31,jppfs_cor:OperatingIncome,Prior1YearDuration,13264000000,202408281500
operating_income,2023-06-01,2024-05-31,jppfs_cor:OperatingIncome,CurrentYearDuration,12586000000,202408281500
net_sales,2023-06-01,2024-05-31,jpcrp_cor:NetSalesSummaryOfBusinessResults,Prior1YTDDuration,112757000000,202501141530
net_sales,2024-06-01,2025-05-31,jpcrp_cor:NetSalesSummaryOfBusinessResults,CurrentYTDDuration,93739000000,202501141530
net_sales,2023-06-01,2024-05-31,jpcrp_cor:NetSalesSummaryOfBusinessResults,Prior1YearDuration,247733000000,202501141530
ordinary_income,2023-06-01,2024-05-31,jpcrp_cor:OrdinaryIncomeLossSummaryOfBusinessResults,Prior1YTDDuration,3186000000,202501141530
ordinary_income,2024-06-01,2025-05-31,jpcrp_cor:OrdinaryIncomeLossSummaryOfBusinessResults,CurrentYTDDuration,-2352000000,202501141530
ordinary_income,2023-06-01,2024-05-31,jpcrp_cor:OrdinaryIncomeLossSummaryOfBusinessResults,Prior1YearDuration,12877000000,202501141530
net_asset,2024-03-01,2025-02-28,jpcrp_cor:NetAssetsSummaryOfBusinessResults,Prior1QuarterInstant,31560000000,202501141530
net_asset,2024-06-01,2025-05-31,jpcrp_cor:NetAssetsSummaryOfBusinessResults,CurrentQuarterInstant,30906000000,202501141530
net_asset,2023-06-01,2024-05-31,jpcrp_cor:NetAssetsSummaryOfBusinessResults,Prior1YearInstant,38327000000,202501141530
total_asset,2024-03-01,2025-02-28,jpcrp_cor:TotalAssetsSummaryOfBusinessResults,Prior1QuarterInstant,102896000000,202501141530
total_asset,2024-06-01,2025-05-31,jpcrp_cor:TotalAssetsSummaryOfBusinessResults,CurrentQuarterInstant,84815000000,202501141530
total_asset,2023-06-01,2024-05-31,jpcrp_cor:TotalAssetsSummaryOfBusinessResults,Prior1YearInstant,89587000000,202501141530
eps,2023-06-01,2024-05-31,jpcrp_cor:BasicEarningsLossPerShareSummaryOfBusinessResults,Prior1YTDDuration,65.67,202501141530
eps,2024-06-01,2025-05-31,jpcrp_cor:BasicEarningsLossPerShareSummaryOfBusinessResults,CurrentYTDDuration,-64.72,202501141530
eps,2023-06-01,2024-05-31,jpcrp_cor:BasicEarningsLossPerShareSummaryOfBusinessResults,Prior1YearDuration,301.94,202501141530
equity_ratio,2024-03-01,2025-02-28,jpcrp_cor:EquityToAssetRatioSummaryOfBusinessResults,Prior1QuarterInstant,0.306,202501141530
equity_ratio,2024-06-01,2025-05-31,jpcrp_cor:EquityToAssetRatioSummaryOfBusinessResults,CurrentQuarterInstant,0.364,202501141530
equity_ratio,2023-06-01,2024-05-31,jpcrp_cor:EquityToAssetRatioSummaryOfBusinessResults,Prior1YearInstant,0.427,202501141530
cost_of_sales,2023-06-01,2024-05-31,jppfs_cor:CostOfSales,Prior1YTDDuration,86234000000,202501141530
cost_of_sales,2024-06-01,2025-05-31,jppfs_cor:CostOfSales,CurrentYTDDuration,70737000000,202501141530
gross_profit,2023-06-01,2024-05-31,jppfs_cor:GrossProfit,Prior1YTDDuration,26523000000,202501141530
gross_profit,2024-06-01,2025-05-31,jppfs_cor:GrossProfit,CurrentYTDDuration,23002000000,202501141530
operating_income,2023-06-01,2024-05-31,jppfs_cor:OperatingIncome,Prior1YTDDuration,3007000000,202501141530
operating_income,2024-06-01,2025-05-31,jppfs_cor:OperatingIncome,CurrentYTDDuration,-2279000000,202501141530
operating_income,2023-06-01,2024-05-31,jppfs_cor:OperatingIncome,Prior1YTDDuration,3007000000,202501141530
operating_income,2024-06-01,2025-05-31,jppfs_cor:OperatingIncome,CurrentYTDDuration,-2279000000,202501141530
net_sales,2020-06-01,2021-05-31,jpcrp_cor:NetSalesSummaryOfBusinessResults,Prior4YearDuration,218092000000,202508271530
net_sales,2021-06-01,2022-05-31,jpcrp_cor:NetSalesSummaryOfBusinessResults,Prior3YearDuration,240760000000,202508271530
net_sales,2022-06-01,2023-05-31,jpcrp_cor:NetSalesSummaryOfBusinessResults,Prior2YearDuration,256065000000,202508271530
net_sales,2024-06-01,2025-05-31,jpcrp_cor:NetSalesSummaryOfBusinessResults,CurrentYearDuration,200817000000,202508271530
ordinary_income,2020-06-01,2021-05-31,jpcrp_cor:OrdinaryIncomeLossSummaryOfBusinessResults,Prior4YearDuration,11093000000,202508271530
ordinary_income,2021-06-01,2022-05-31,jpcrp_cor:OrdinaryIncomeLossSummaryOfBusinessResults,Prior3YearDuration,12346000000,202508271530
ordinary_income,2022-06-01,2023-05-31,jpcrp_cor:OrdinaryIncomeLossSummaryOfBusinessResults,Prior2YearDuration,13477000000,202508271530
ordinary_income,2024-06-01,2025-05-31,jpcrp_cor:OrdinaryIncomeLossSummaryOfBusinessResults,CurrentYearDuration,3789000000,202508271530
net_income,2020-06-01,2021-05-31,jpcrp_cor:NetIncomeLossSummaryOfBusinessResults,Prior4YearDuration_NonConsolidatedMember,6759000000,202508271530
net_income,2021-06-01,2022-05-31,jpcrp_cor:NetIncomeLossSummaryOfBusinessResults,Prior3YearDuration_NonConsolidatedMember,7604000000,202508271530
net_income,2022-06-01,2023-05-31,jpcrp_cor:NetIncomeLossSummaryOfBusinessResults,Prior2YearDuration_NonConsolidatedMember,7918000000,202508271530
net_income,2023-06-01,2024-05-31,jpcrp_cor:NetIncomeLossSummaryOfBusinessResults,Prior1YearDuration_NonConsolidatedMember,8240000000,202508271530
net_income,2024-06-01,2025-05-31,jpcrp_cor:NetIncomeLossSummaryOfBusinessResults,CurrentYearDuration_NonConsolidatedMember,1151000000,202508271530
comprehensive_income,2020-06-01,2021-05-31,jpcrp_cor:NetIncomeLossSummaryOfBusinessResults,Prior4YearDuration_NonConsolidatedMember,6759000000,202508271530
comprehensive_income,2021-06-01,2022-05-31,jpcrp_cor:NetIncomeLossSummaryOfBusinessResults,Prior3YearDuration_NonConsolidatedMember,7604000000,202508271530
comprehensive_income,2022-06-01,2023-05-31,jpcrp_cor:NetIncomeLossSummaryOfBusinessResults,Prior2YearDuration_NonConsolidatedMember,7918000000,202508271530
comprehensive_income,2023-06-01,2024-05-31,jpcrp_cor:NetIncomeLossSummaryOfBusinessResults,Prior1YearDuration_NonConsolidatedMember,8240000000,202508271530
comprehensive_income,2024-06-01,2025-05-31,jpcrp_cor:NetIncomeLossSummaryOfBusinessResults,CurrentYearDuration_NonConsolidatedMember,1151000000,202508271530
net_asset,2020-06-01,2021-05-31,jpcrp_cor:NetAssetsSummaryOfBusinessResults,Prior4YearInstant,26214000000,202508271530
net_asset,2021-06-01,2022-05-31,jpcrp_cor:NetAssetsSummaryOfBusinessResults,Prior3YearInstant,30916000000,202508271530
net_asset,2022-06-01,2023-05-31,jpcrp_cor:NetAssetsSummaryOfBusinessResults,Prior2YearInstant,34915000000,202508271530
net_asset,2024-06-01,2025-05-31,jpcrp_cor:NetAssetsSummaryOfBusinessResults,CurrentYearInstant,34275000000,202508271530
total_asset,2020-06-01,2021-05-31,jpcrp_cor:TotalAssetsSummaryOfBusinessResults,Prior4YearInstant,100216000000,202508271530
total_asset,2021-06-01,2022-05-31,jpcrp_cor:TotalAssetsSummaryOfBusinessResults,Prior3YearInstant,105077000000,202508271530
total_asset,2022-06-01,2023-05-31,jpcrp_cor:TotalAssetsSummaryOfBusinessResults,Prior2YearInstant,111508000000,202508271530
total_asset,2024-06-01,2025-05-31,jpcrp_cor:TotalAssetsSummaryOfBusinessResults,CurrentYearInstant,92302000000,202508271530
bps,2020-06-01,2021-05-31,jpcrp_cor:NetAssetsPerShareSummaryOfBusinessResults,Prior4YearInstant,887.47,202508271530
bps,2021-06-01,2022-05-31,jpcrp_cor:NetAssetsPerShareSummaryOfBusinessResults,Prior3YearInstant,1053.53,202508271530
bps,2022-06-01,2023-05-31,jpcrp_cor:NetAssetsPerShareSummaryOfBusinessResults,Prior2YearInstant,1203.11,202508271530
bps,2023-06-01,2024-05-31,jpcrp_cor:NetAssetsPerShareSummaryOfBusinessResults,Prior1YearInstant,1321.11,202508271530
bps,2024-06-01,2025-05-31,jpcrp_cor:NetAssetsPerShareSummaryOfBusinessResults,CurrentYearInstant,1181.40,202508271530
eps,2020-06-01,2021-05-31,jpcrp_cor:BasicEarningsLossPerShareSummaryOfBusinessResults,Prior4YearDuration,243.35,202508271530
eps,2021-06-01,2022-05-31,jpcrp_cor:BasicEarningsLossPerShareSummaryOfBusinessResults,Prior3YearDuration,282.25,202508271530
eps,2022-06-01,2023-05-31,jpcrp_cor:BasicEarningsLossPerShareSummaryOfBusinessResults,Prior2YearDuration,298.41,202508271530
eps,2024-06-01,2025-05-31,jpcrp_cor:BasicEarningsLossPerShareSummaryOfBusinessResults,CurrentYearDuration,50.99,202508271530
equity_ratio,2020-06-01,2021-05-31,jpcrp_cor:EquityToAssetRatioSummaryOfBusinessResults,Prior4YearInstant,0.261,202508271530
equity_ratio,2021-06-01,2022-05-31,jpcrp_cor:EquityToAssetRatioSummaryOfBusinessResults,Prior3YearInstant,0.294,202508271530
equity_ratio,2022-06-01,2023-05-31,jpcrp_cor:EquityToAssetRatioSummaryOfBusinessResults,Prior2YearInstant,0.313,202508271530
equity_ratio,2024-06-01,2025-05-31,jpcrp_cor:EquityToAssetRatioSummaryOfBusinessResults,CurrentYearInstant,0.371,202508271530
roe,2020-06-01,2021-05-31,jpcrp_cor:RateOfReturnOnEquitySummaryOfBusinessResults,Prior4YearDuration,0.303,202508271530
roe,2021-06-01,2022-05-31,jpcrp_cor:RateOfReturnOnEquitySummaryOfBusinessResults,Prior3YearDuration,0.291,202508271530
roe,2022-06-01,2023-05-31,jpcrp_cor:RateOfReturnOnEquitySummaryOfBusinessResults,Prior2YearDuration,0.265,202508271530
roe,2023-06-01,2024-05-31,jpcrp_cor:RateOfReturnOnEquitySummaryOfBusinessResults,Prior1YearDuration,0.239,202508271530
roe,2024-06-01,2025-05-31,jpcrp_cor:RateOfReturnOnEquitySummaryOfBusinessResults,CurrentYearDuration,0.041,202508271530
number_of_employee,2020-06-01,2021-05-31,jpcrp_cor:NumberOfEmployees,Prior4YearInstant,3491,202508271530
number_of_employee,2021-06-01,2022-05-31,jpcrp_cor:NumberOfEmployees,Prior3YearInstant,3369,202508271530
number_of_employee,2022-06-01,2023-05-31,jpcrp_cor:NumberOfEmployees,Prior2YearInstant,3329,202508271530
number_of_employee,2023-06-01,2024-05-31,jpcrp_cor:NumberOfEmployees,Prior1YearInstant,3420,202508271530
number_of_employee,2024-06-01,2025-05-31,jpcrp_cor:NumberOfEmployees,CurrentYearInstant,3272,202508271530
number_of_employee,2024-06-01,2025-05-31,jpcrp_cor:NumberOfEmployees,CurrentYearInstant,3272,202508271530
cost_of_sales,2023-06-01,2024-05-31,jppfs_cor:CostOfSales,Prior1YearDuration,188881000000,202508271530
cost_of_sales,2024-06-01,2025-05-31,jppfs_cor:CostOfSales,CurrentYearDuration,149711000000,202508271530
gross_profit,2023-06-01,2024-05-31,jppfs_cor:GrossProfit,Prior1YearDuration,58852000000,202508271530
gross_profit,2024-06-01,2025-05-31,jppfs_cor:GrossProfit,CurrentYearDuration,51105000000,202508271530
operating_income,2023-06-01,2024-05-31,jppfs_cor:OperatingIncome,Prior1YearDuration,12586000000,202508271530
operating_income,2024-06-01,2025-05-31,jppfs_cor:OperatingIncome,CurrentYearDuration,4113000000,202508271530
operating_income,2023-06-01,2024-05-31,jppfs_cor:OperatingIncome,Prior1YearDuration,12586000000,202508271530
operating_income,2024-06-01,2025-05-31,jppfs_cor:OperatingIncome,CurrentYearDuration,4113000000,202508271530
net_sales,2025-03-01,2026-02-28,jpcrp_cor:NetSalesSummaryOfBusinessResults,Prior1InterimDuration,93739000000,202601131530
net_sales,2025-06-01,2026-05-31,jpcrp_cor:NetSalesSummaryOfBusinessResults,InterimDuration,88443000000,202601131530
net_sales,2024-06-01,2025-05-31,jpcrp_cor:NetSalesSummaryOfBusinessResults,Prior1YearDuration,200817000000,202601131530
ordinary_income,2025-03-01,2026-02-28,jpcrp_cor:OrdinaryIncomeLossSummaryOfBusinessResults,Prior1InterimDuration,-2352000000,202601131530
ordinary_income,2025-06-01,2026-05-31,jpcrp_cor:OrdinaryIncomeLossSummaryOfBusinessResults,InterimDuration,-1062000000,202601131530
ordinary_income,2024-06-01,2025-05-31,jpcrp_cor:OrdinaryIncomeLossSummaryOfBusinessResults,Prior1YearDuration,3789000000,202601131530
net_asset,2025-03-01,2026-02-28,jpcrp_cor:NetAssetsSummaryOfBusinessResults,Prior1InterimInstant,30906000000,202601131530
net_asset,2025-06-01,2026-05-31,jpcrp_cor:NetAssetsSummaryOfBusinessResults,InterimInstant,27561000000,202601131530
net_asset,2024-06-01,2025-05-31,jpcrp_cor:NetAssetsSummaryOfBusinessResults,Prior1YearInstant,34275000000,202601131530
total_asset,2025-03-01,2026-02-28,jpcrp_cor:TotalAssetsSummaryOfBusinessResults,Prior1InterimInstant,84815000000,202601131530
total_asset,2025-06-01,2026-05-31,jpcrp_cor:TotalAssetsSummaryOfBusinessResults,InterimInstant,92751000000,202601131530
total_asset,2024-06-01,2025-05-31,jpcrp_cor:TotalAssetsSummaryOfBusinessResults,Prior1YearInstant,92302000000,202601131530
eps,2025-03-01,2026-02-28,jpcrp_cor:BasicEarningsLossPerShareSummaryOfBusinessResults,Prior1InterimDuration,-64.72,202601131530
eps,2025-06-01,2026-05-31,jpcrp_cor:BasicEarningsLossPerShareSummaryOfBusinessResults,InterimDuration,-32.16,202601131530
eps,2024-06-01,2025-05-31,jpcrp_cor:BasicEarningsLossPerShareSummaryOfBusinessResults,Prior1YearDuration,50.99,202601131530
diluted_eps,2025-03-01,2026-02-28,jpcrp_cor:DilutedEarningsPerShareSummaryOfBusinessResults,Prior1InterimDuration,－,202601131530
diluted_eps,2025-06-01,2026-05-31,jpcrp_cor:DilutedEarningsPerShareSummaryOfBusinessResults,InterimDuration,－,202601131530
equity_ratio,2025-03-01,2026-02-28,jpcrp_cor:EquityToAssetRatioSummaryOfBusinessResults,Prior1InterimInstant,0.364,202601131530
equity_ratio,2025-06-01,2026-05-31,jpcrp_cor:EquityToAssetRatioSummaryOfBusinessResults,InterimInstant,0.297,202601131530
equity_ratio,2024-06-01,2025-05-31,jpcrp_cor:EquityToAssetRatioSummaryOfBusinessResults,Prior1YearInstant,0.371,202601131530
cost_of_sales,2025-03-01,2026-02-28,jppfs_cor:CostOfSales,Prior1InterimDuration,70737000000,202601131530
cost_of_sales,2025-06-01,2026-05-31,jppfs_cor:CostOfSales,InterimDuration,66725000000,202601131530
gross_profit,2025-03-01,2026-02-28,jppfs_cor:GrossProfit,Prior1InterimDuration,23002000000,202601131530
gross_profit,2025-06-01,2026-05-31,jppfs_cor:GrossProfit,InterimDuration,21717000000,202601131530
operating_income,2025-03-01,2026-02-28,jppfs_cor:OperatingIncome,Prior1InterimDuration,-2279000000,202601131530
operating_income,2025-06-01,2026-05-31,jppfs_cor:OperatingIncome,InterimDuration,-1123000000,202601131530
operating_income,2025-03-01,2026-02-28,jppfs_cor:OperatingIncome,Prior1InterimDuration,-2279000000,202601131530
operating_income,2025-06-01,2026-05-31,jppfs_cor:OperatingIncome,InterimDuration,-1123000000,202601131530
net_sales,2021-06-01,2022-05-31,jpcrp_cor:NetSalesSummaryOfBusinessResults,Prior4YearDuration,240760000000,202608261530
net_sales,2022-06-01,2023-05-31,jpcrp_cor:NetSalesSummaryOfBusinessResults,Prior3YearDuration,256065000000,202608261530
net_sales,2023-06-01,2024-05-31,jpcrp_cor:NetSalesSummaryOfBusinessResults,Prior2YearDuration,247733000000,202608261530
net_sales,2025-06-01,2026-05-31,jpcrp_cor:NetSalesSummaryOfBusinessResults,CurrentYearDuration,197740000000,202608261530
ordinary_income,2021-06-01,2022-05-31,jpcrp_cor:OrdinaryIncomeLossSummaryOfBusinessResults,Prior4YearDuration,12346000000,202608261530
ordinary_income,2022-06-01,2023-05-31,jpcrp_cor:OrdinaryIncomeLossSummaryOfBusinessResults,Prior3YearDuration,13477000000,202608261530
ordinary_income,2023-06-01,2024-05-31,jpcrp_cor:OrdinaryIncomeLossSummaryOfBusinessResults,Prior2YearDuration,12877000000,202608261530
ordinary_income,2025-06-01,2026-05-31,jpcrp_cor:OrdinaryIncomeLossSummaryOfBusinessResults,CurrentYearDuration,3757000000,202608261530
net_income,2021-06-01,2022-05-31,jpcrp_cor:NetIncomeLossSummaryOfBusinessResults,Prior4YearDuration_NonConsolidatedMember,7604000000,202608261530
net_income,2022-06-01,2023-05-31,jpcrp_cor:NetIncomeLossSummaryOfBusinessResults,Prior3YearDuration_NonConsolidatedMember,7918000000,202608261530
net_income,2023-06-01,2024-05-31,jpcrp_cor:NetIncomeLossSummaryOfBusinessResults,Prior2YearDuration_NonConsolidatedMember,8240000000,202608261530
net_income,2024-06-01,2025-05-31,jpcrp_cor:NetIncomeLossSummaryOfBusinessResults,Prior1YearDuration_NonConsolidatedMember,1151000000,202608261530
net_income,2025-06-01,2026-05-31,jpcrp_cor:NetIncomeLossSummaryOfBusinessResults,CurrentYearDuration_NonConsolidatedMember,700000000,202608261530
comprehensive_income,2021-06-01,2022-05-31,jpcrp_cor:NetIncomeLossSummaryOfBusinessResults,Prior4YearDuration_NonConsolidatedMember,7604000000,202608261530
comprehensive_income,2022-06-01,2023-05-31,jpcrp_cor:NetIncomeLossSummaryOfBusinessResults,Prior3YearDuration_NonConsolidatedMember,7918000000,202608261530
comprehensive_income,2023-06-01,2024-05-31,jpcrp_cor:NetIncomeLossSummaryOfBusinessResults,Prior2YearDuration_NonConsolidatedMember,8240000000,202608261530
comprehensive_income,2024-06-01,2025-05-31,jpcrp_cor:NetIncomeLossSummaryOfBusinessResults,Prior1YearDuration_NonConsolidatedMember,1151000000,202608261530
comprehensive_income,2025-06-01,2026-05-31,jpcrp_cor:NetIncomeLossSummaryOfBusinessResults,CurrentYearDuration_NonConsolidatedMember,700000000,202608261530
net_asset,2021-06-01,2022-05-31,jpcrp_cor:NetAssetsSummaryOfBusinessResults,Prior4YearInstant,30916000000,202608261530
net_asset,2022-06-01,2023-05-31,jpcrp_cor:NetAssetsSummaryOfBusinessResults,Prior3YearInstant,34915000000,202608261530
net_asset,2023-06-01,2024-05-31,jpcrp_cor:NetAssetsSummaryOfBusinessResults,Prior2YearInstant,38327000000,202608261530
net_asset,2025-06-01,2026-05-31,jpcrp_cor:NetAssetsSummaryOfBusinessResults,CurrentYearInstant,29700000000,202608261530
total_asset,2021-06-01,2022-05-31,jpcrp_cor:TotalAssetsSummaryOfBusinessResults,Prior4YearInstant,105077000000,202608261530
total_asset,2022-06-01,2023-05-31,jpcrp_cor:TotalAssetsSummaryOfBusinessResults,Prior3YearInstant,111508000000,202608261530
total_asset,2023-06-01,2024-05-31,jpcrp_cor:TotalAssetsSummaryOfBusinessResults,Prior2YearInstant,89587000000,202608261530
total_asset,2025-06-01,2026-05-31,jpcrp_cor:TotalAssetsSummaryOfBusinessResults,CurrentYearInstant,86468000000,202608261530
bps,2021-06-01,2022-05-31,jpcrp_cor:NetAssetsPerShareSummaryOfBusinessResults,Prior4YearInstant,1053.53,202608261530
bps,2022-06-01,2023-05-31,jpcrp_cor:NetAssetsPerShareSummaryOfBusinessResults,Prior3YearInstant,1203.11,202608261530
bps,2023-06-01,2024-05-31,jpcrp_cor:NetAssetsPerShareSummaryOfBusinessResults,Prior2YearInstant,1321.11,202608261530
bps,2024-06-01,2025-05-31,jpcrp_cor:NetAssetsPerShareSummaryOfBusinessResults,Prior1YearInstant,1181.40,202608261530
bps,2025-06-01,2026-05-31,jpcrp_cor:NetAssetsPerShareSummaryOfBusinessResults,CurrentYearInstant,1023.50,202608261530
eps,2021-06-01,2022-05-31,jpcrp_cor:BasicEarningsLossPerShareSummaryOfBusinessResults,Prior4YearDuration,282.25,202608261530
eps,2022-06-01,2023-05-31,jpcrp_cor:BasicEarningsLossPerShareSummaryOfBusinessResults,Prior3YearDuration,298.41,202608261530
eps,2023-06-01,2024-05-31,jpcrp_cor:BasicEarningsLossPerShareSummaryOfBusinessResults,Prior2YearDuration,301.94,202608261530
eps,2025-06-01,2026-05-31,jpcrp_cor:BasicEarningsLossPerShareSummaryOfBusinessResults,CurrentYearDuration,41.86,202608261530
equity_ratio,2021-06-01,2022-05-31,jpcrp_cor:EquityToAssetRatioSummaryOfBusinessResults,Prior4YearInstant,0.294,202608261530
equity_ratio,2022-06-01,2023-05-31,jpcrp_cor:EquityToAssetRatioSummaryOfBusinessResults,Prior3YearInstant,0.313,202608261530
equity_ratio,2023-06-01,2024-05-31,jpcrp_cor:EquityToAssetRatioSummaryOfBusinessResults,Prior2YearInstant,0.427,202608261530
equity_ratio,2025-06-01,2026-05-31,jpcrp_cor:EquityToAssetRatioSummaryOfBusinessResults,CurrentYearInstant,0.343,202608261530
roe,2021-06-01,2022-05-31,jpcrp_cor:RateOfReturnOnEquitySummaryOfBusinessResults,Prior4YearDuration,0.291,202608261530
roe,2022-06-01,2023-05-31,jpcrp_cor:RateOfReturnOnEquitySummaryOfBusinessResults,Prior3YearDuration,0.265,202608261530
roe,2023-06-01,2024-05-31,jpcrp_cor:RateOfReturnOnEquitySummaryOfBusinessResults,Prior2YearDuration,0.239,202608261530
roe,2024-06-01,2025-05-31,jpcrp_cor:RateOfReturnOnEquitySummaryOfBusinessResults,Prior1YearDuration,0.041,202608261530
roe,2025-06-01,2026-05-31,jpcrp_cor:RateOfReturnOnEquitySummaryOfBusinessResults,CurrentYearDuration,0.038,202608261530
number_of_employee,2021-06-01,2022-05-31,jpcrp_cor:NumberOfEmployees,Prior4YearInstant,3369,202608261530
number_of_employee,2022-06-01,2023-05-31,jpcrp_cor:NumberOfEmployees,Prior3YearInstant,3329,202608261530
number_of_employee,2023-06-01,2024-05-31,jpcrp_cor:NumberOfEmployees,Prior2YearInstant,3420,202608261530
number_of_employee,2024-06-01,2025-05-31,jpcrp_cor:NumberOfEmployees,Prior1YearInstant,3272,202608261530
number_of_employee,2025-06-01,2026-05-31,jpcrp_cor:NumberOfEmployees,CurrentYearInstant,3308,202608261530
number_of_employee,2025-06-01,2026-05-31,jpcrp_cor:NumberOfEmployees,CurrentYearInstant,3308,202608261530
cost_of_sales,2024-06-01,2025-05-31,jppfs_cor:CostOfSales,Prior1YearDuration,149711000000,202608261530
cost_of_sales,2025-06-01,2026-05-31,jppfs_cor:CostOfSales,CurrentYearDuration,149832000000,202608261530
gross_profit,2024-06-01,2025-05-31,jppfs_cor:GrossProfit,Prior1YearDuration,51105000000,202608261530
gross_profit,2025-06-01,2026-05-31,jppfs_cor:GrossProfit,CurrentYearDuration,47907000000,202608261530
operating_income,2024-06-01,2025-05-31,jppfs_cor:OperatingIncome,Prior1YearDuration,4113000000,202608261530
operating_income,2025-06-01,2026-05-31,jppfs_cor:OperatingIncome,CurrentYearDuration,3842000000,202608261530
operating_income,2024-06-01,2025-05-31,jppfs_cor:OperatingIncome,Prior1YearDuration,4113000000,202608261530
operating_income,2025-06-01,2026-05-31,jppfs_cor:OperatingIncome,CurrentYearDuration,3842000000,202608261530
